0 0 p1 9 26 22 27 13 40 13 21 16 34 16 18 7 30 17 22 8 25 6
0 1 p3 20 32 15 20 16 30 15 32 10 26 20 13 21 30 20
0 2 p5 18 24 14 19 13 30 24 25 23 23 15 40 19 23 24
0 3 p4 5 35 15 31 5 29 13 36 6 19 13 11 8 18 21
0 4 p4 20 26 15 19 21 14 20 12 6 38 22 30 10 28 16 13 18 11 22
0 5 p4 12 29 18 29 5 11 7 30 12 31 21 22 11 21 11 14 18
1 6 p5 7 34 6 21 15 38 19 38 24 25 10 36 8 13 10 20 23
1 7 p2 15 18 21 30 20 22 15 32 13 16 21 16 11 27 19 16 19 37 5
1 8 p2 24 40 11 31 6 14 21 39 15 38 13 29 20 33 15 15 21
1 9 p4 22 17 21 29 12 34 19 27 7 23 10 11 21 30 23
1 10 p1 6 19 20 16 16 21 9 28 23 37 22 38 22 25 7 39 15 18 5
1 11 p1 18 25 20 33 24 14 11 34 9 22 15 22 19 14 23
1 12 p3 21 37 16 29 16 29 13 36 18 21 17 34 12 18 22 17 5
1 13 p4 14 27 12 24 5 25 13 20 12 28 11 40 23 13 7 24 11 26 5
1 14 p3 18 23 11 32 8 34 6 25 18 26 22 18 12 37 21 15 21 18 20
1 15 p2 24 19 17 12 6 36 23 40 21 30 14 34 10 20 17 19 11 34 6
2 16 p3 14 34 22 31 17 18 16 21 18 25 11 21 22 28 7 21 12
3 17 p2 22 27 14 25 18 23 7 12 19 30 11 14 22 27 24 33 8
3 18 p3 21 37 24 21 13 20 20 21 16 15 9 15 24 26 5 39 21 15 15
3 19 p1 18 34 14 30 19 33 8 27 24 23 21 12 23 17 9 23 24
3 20 p1 23 17 21 33 21 38 9 24 18 26 13 35 11 37 22
3 21 p5 9 14 8 21 15 26 23 17 7 19 21 24 20 16 14
3 22 p5 9 39 18 11 5 23 18 16 20 12 15 13 21 13 16 37 13
3 23 p5 9 20 20 38 12 27 17 31 17 29 24 33 20 40 19
3 24 p1 20 35 24 14 17 11 14 24 7 37 24 23 8 33 17
3 25 p4 21 18 21 37 5 34 12 36 6 16 16 13 6 23 8 31 8 26 7
4 26 p2 11 19 19 36 12 34 22 16 7 24 23 38 23 13 9
4 27 p2 24 36 17 37 22 37 14 19 22 34 20 12 24 39 6 33 15 21 23
4 28 p5 9 21 16 34 24 29 16 40 12 22 23 12 8 24 12 13 20 35 12
4 29 p1 12 15 8 34 17 32 23 33 11 15 13 31 8 11 23
4 30 p2 15 28 24 22 9 37 24 32 10 20 20 27 24 33 15 16 14 18 14
4 31 p2 10 14 17 21 13 29 15 19 19 27 23 12 24 39 10
5 32 p3 11 19 21 12 14 11 17 21 14 23 24 24 13 19 9 23 11 40 7
5 33 p3 9 29 14 26 20 33 22 33 21 28 8 22 12 35 9 31 8
6 34 p2 15 36 5 34 13 28 9 37 22 24 20 36 11 13 6
6 35 p3 9 25 9 26 13 16 21 23 24 39 16 18 20 25 10 32 13 24 11
6 36 p2 16 33 6 27 23 18 23 31 5 37 20 28 11 31 13 19 9
6 37 p4 13 19 15 25 12 35 11 31 24 36 8 20 8 37 21
6 38 p5 7 32 10 34 12 25 5 39 13 26 6 37 24 28 16 14 17
6 39 p1 18 30 10 12 12 27 22 17 20 23 16 13 17 16 23
6 40 p3 11 21 5 37 13 11 17 30 5 30 6 13 15 14 22
6 41 p4 21 38 11 15 13 30 11 36 5 24 6 11 5 20 16
7 42 p3 7 24 21 37 18 23 11 17 18 16 21 39 7 27 19 32 8 37 8
7 43 p4 18 16 18 31 21 37 19 38 11 40 14 17 9 17 21 25 7 32 20
7 44 p1 16 19 13 18 10 14 14 12 7 25 14 29 15 12 7 17 18 19 5
8 45 p1 12 34 14 29 23 18 20 32 10 40 12 30 24 13 13
8 46 p3 10 20 10 33 5 28 20 37 15 20 7 32 11 30 24 26 22 16 8
8 47 p4 10 23 10 21 20 18 19 12 20 37 7 36 14 28 11 18 15 35 10
8 48 p5 22 32 10 15 16 13 20 15 22 36 15 26 14 40 11 40 6 28 19
8 49 p3 6 31 5 31 23 18 5 40 19 32 8 40 23 38 9 39 5 38 22
9 50 p5 5 27 12 26 7 19 16 38 18 16 20 40 13 38 18 23 14
9 51 p1 5 16 24 39 24 21 17 11 16 26 15 36 8 19 9 26 8 28 21
9 52 p1 21 25 12 19 7 38 21 18 20 22 22 40 20 21 22 33 5
10 53 p2 12 19 17 15 9 37 5 13 22 26 12 14 16 37 6 28 16 28 6
10 54 p3 20 32 16 18 21 11 23 36 24 14 23 37 19 24 15 35 14
10 55 p2 6 27 19 11 18 25 6 24 23 40 5 34 22 18 16
10 56 p2 7 11 15 19 14 11 16 34 12 17 22 20 13 30 23 16 9
10 57 p3 15 14 18 34 17 13 20 38 12 39 5 31 10 39 18
11 58 p1 22 28 10 37 7 25 23 15 13 36 7 35 12 32 22 27 19
11 59 p3 11 28 21 24 14 15 8 29 15 15 22 21 18 36 16
11 60 p4 8 30 22 29 7 12 21 27 5 21 22 11 12 16 16
11 61 p2 22 19 14 18 23 17 18 31 12 40 9 26 10 36 16 17 19 18 10
11 62 p4 20 23 6 27 5 27 6 37 16 14 18 23 11 37 10 27 18 18 18
11 63 p1 7 39 24 23 6 25 19 20 5 28 10 33 22 40 24
11 64 p2 14 22 20 16 16 38 10 18 17 38 24 29 24 23 6
11 65 p1 6 15 23 24 22 15 23 13 16 12 9 21 13 22 10 29 10 26 10
11 66 p5 10 14 18 40 23 24 13 18 6 11 6 35 7 20 6 26 23
11 67 p5 13 20 11 38 12 11 16 27 24 23 9 23 18 36 23
12 68 p4 5 17 14 38 8 18 21 19 18 38 15 17 12 18 13 38 6 24 21
12 69 p4 17 25 10 37 18 22 16 17 11 12 8 32 16 36 7
12 70 p4 16 36 6 28 10 31 19 30 10 37 15 26 20 31 19
12 71 p1 16 19 12 23 22 39 21 24 6 14 18 36 7 21 22 29 14
12 72 p1 7 32 6 33 17 20 15 24 19 36 13 22 12 33 21
12 73 p3 5 15 20 21 18 18 8 24 7 24 14 24 15 27 24
12 74 p2 22 15 7 29 24 19 23 37 11 40 21 25 10 37 11
12 75 p2 21 32 7 11 16 33 24 36 22 36 11 36 6 33 6 33 7 14 18
12 76 p5 17 15 19 30 8 38 11 19 22 40 15 22 11 15 6 16 11 17 24
13 77 p2 14 33 23 18 18 34 16 37 10 13 17 38 14 26 20
13 78 p5 9 11 23 20 13 19 13 21 21 17 20 29 10 25 15
13 79 p4 15 31 21 18 18 28 24 32 20 24 5 14 19 21 13
13 80 p1 8 38 17 40 24 23 17 18 18 14 12 27 13 38 6 31 10
13 81 p5 9 14 24 30 17 21 14 19 6 11 13 17 7 15 16
14 82 p3 17 23 20 33 8 30 10 39 11 15 17 16 7 25 16 32 23 21 20
14 83 p5 9 20 5 23 22 30 24 11 21 24 24 37 18 40 24 17 23 37 15
14 84 p5 14 35 9 13 17 19 9 16 20 25 9 38 9 25 19 27 8
15 85 p3 15 13 8 13 9 39 16 16 16 17 12 26 22 16 19 31 24
15 86 p1 15 16 6 19 16 30 6 33 11 22 19 16 20 19 12 17 6 26 21
15 87 p4 22 38 16 24 9 24 11 22 10 27 10 20 17 32 19 14 23
15 88 p5 17 19 17 18 16 40 16 37 21 36 17 29 20 21 13 33 13
15 89 p5 20 15 17 30 10 24 6 25 20 33 5 18 6 34 19
15 90 p4 11 27 11 35 21 26 16 40 23 16 24 14 6 25 9
15 91 p3 22 23 23 19 6 23 20 33 11 39 22 38 23 32 12 22 12
16 92 p4 20 38 11 26 19 37 9 31 7 25 11 13 24 24 18 31 17 22 8
16 93 p3 8 36 10 29 14 13 23 32 7 15 22 27 23 31 10
16 94 p4 21 15 19 27 13 30 5 20 16 22 9 17 15 24 7
16 95 p1 17 29 15 19 8 40 12 18 13 23 9 38 19 31 13 20 7
16 96 p5 20 14 21 29 18 28 12 39 18 33 23 26 17 36 15
16 97 p2 18 18 10 32 19 20 12 30 15 38 20 25 23 23 9 26 11
16 98 p5 21 27 9 29 18 40 22 19 6 18 13 30 15 26 11 12 9
16 99 p2 6 20 17 27 10 34 24 34 16 21 20 37 10 33 12 28 10
16 100 p1 16 32 24 36 9 15 13 14 19 36 10 18 11 28 22 15 18
17 101 p3 17 14 16 34 14 12 20 36 7 12 11 33 15 33 13
17 102 p5 11 23 10 27 14 23 13 33 5 18 24 21 6 32 16 13 13
17 103 p4 11 25 7 37 11 26 12 12 19 39 16 28 19 20 16
17 104 p4 14 17 15 33 10 31 8 14 9 40 19 29 20 40 18
17 105 p4 21 27 12 23 19 28 9 23 8 32 8 35 6 26 16 24 16 37 24
17 106 p5 7 39 23 12 20 39 6 32 6 39 9 31 17 21 18 27 14
17 107 p2 11 35 19 15 19 19 23 13 19 33 24 22 7 34 13 27 10
18 108 p2 8 32 20 16 13 16 17 31 9 11 18 39 24 13 10 30 8
18 109 p4 12 20 16 15 15 32 17 31 23 32 18 40 18 12 13 31 15 31 18
18 110 p1 17 12 21 21 14 21 23 31 9 32 6 29 18 26 22 34 13
19 111 p1 13 34 15 12 22 29 19 19 21 17 23 26 15 11 19 39 8
19 112 p3 16 37 23 33 23 17 15 35 7 26 17 13 14 26 21
19 113 p4 16 17 14 14 14 37 13 12 7 12 6 39 7 28 11 22 8 25 24
19 114 p3 23 25 15 11 5 40 24 23 18 25 15 28 16 31 20 39 10
19 115 p2 19 36 23 23 20 31 7 33 21 35 16 32 16 30 5
19 116 p3 17 11 7 19 17 27 23 19 20 11 23 15 18 17 18
20 117 p2 6 33 17 19 5 31 5 16 18 32 16 23 12 27 23
20 118 p3 13 29 23 25 22 11 11 14 8 35 6 13 21 24 11 25 15 32 8
20 119 p1 22 27 6 18 13 27 23 31 16 24 7 27 7 19 15
20 120 p1 5 32 19 35 22 37 15 23 19 21 5 27 24 33 9 37 8 14 15
20 121 p5 23 30 21 31 21 36 15 22 20 40 21 30 20 17 7
20 122 p5 12 34 7 11 5 39 14 36 23 40 23 37 5 23 5
20 123 p5 21 35 7 27 8 24 6 26 13 25 9 27 16 28 20 26 19 17 10
20 124 p1 21 34 9 15 11 39 11 22 14 22 20 31 12 36 24
20 125 p4 11 40 17 39 9 18 21 36 6 34 12 25 10 19 14 21 24
20 126 p2 9 20 9 32 19 33 5 28 23 15 15 34 21 19 14 23 16 36 9
21 127 p2 19 35 15 16 19 30 12 33 6 21 8 13 9 39 17 30 24 27 11
21 128 p5 18 23 13 40 17 24 8 26 24 32 16 36 23 32 8
21 129 p1 6 33 22 11 13 39 9 40 7 12 22 12 17 28 15
21 130 p2 5 12 9 20 10 22 16 37 22 39 15 11 17 17 8
21 131 p2 15 35 20 33 8 32 16 16 22 38 8 40 14 31 23
22 132 p3 14 30 12 27 17 39 14 39 14 18 6 37 5 40 16
22 133 p3 17 16 12 13 7 37 12 15 14 13 23 31 6 40 9 37 21
22 134 p2 17 12 16 29 6 11 19 18 19 28 18 13 6 34 20 12 11 11 11
22 135 p3 8 33 16 30 8 23 9 15 24 26 15 32 13 34 11
22 136 p2 15 38 10 26 11 13 15 26 17 15 21 13 23 27 13 19 8
22 137 p4 6 17 9 20 21 14 8 19 9 17 8 16 13 37 8
22 138 p5 10 37 9 37 13 15 16 16 14 22 16 22 9 34 24 34 20 40 12
23 139 p1 18 31 20 17 8 34 14 23 6 27 11 13 6 36 14 25 9 15 23
24 140 p3 23 29 7 24 15 26 16 28 18 20 8 32 7 24 8
24 141 p4 11 26 13 14 11 27 23 20 5 14 14 14 13 24 12 34 5 22 22
24 142 p3 15 11 12 24 17 40 22 34 21 20 8 30 7 14 24 39 14
24 143 p4 7 21 20 36 10 13 20 17 7 19 17 11 23 24 10
24 144 p1 15 15 5 17 23 16 8 30 21 11 19 25 17 22 23
24 145 p1 21 12 14 39 11 30 6 37 21 37 15 32 13 21 9
25 146 p3 13 31 11 32 21 15 7 37 6 37 6 24 24 39 21
25 147 p4 6 13 23 32 6 18 20 27 5 22 15 20 20 12 16 36 24 11 19
25 148 p5 10 26 10 26 19 38 12 12 24 33 17 22 16 17 20 19 20
25 149 p3 24 19 20 17 9 40 10 28 15 23 23 12 10 21 11 19 8
25 150 p5 22 24 12 12 8 19 20 25 15 25 17 23 11 13 13
26 151 p1 5 27 22 40 13 40 12 28 17 12 16 36 5 35 16
27 152 p1 15 40 16 36 6 16 21 22 11 15 5 30 7 15 18 35 5
27 153 p2 18 15 18 39 10 13 7 40 14 27 17 25 8 15 18 11 10 37 22
28 154 p3 19 15 19 15 23 16 10 13 19 15 18 24 8 17 10 32 20
28 155 p2 6 34 18 19 21 23 14 11 9 35 13 20 24 13 23
28 156 p2 11 17 11 23 22 15 18 14 12 26 12 17 13 11 6 27 24 25 14
28 157 p3 17 40 18 21 21 35 10 20 24 11 14 38 20 38 8 35 21
28 158 p1 14 13 24 23 23 38 20 25 23 39 12 37 5 12 8 26 9 38 19
28 159 p3 15 36 11 19 20 11 10 37 12 33 15 39 11 14 24 27 23 34 19
28 160 p4 7 18 5 23 15 28 20 27 13 34 14 18 12 24 15 38 9
28 161 p2 12 24 19 36 8 15 21 14 20 36 24 25 10 23 19
28 162 p4 13 31 14 25 13 15 12 20 6 38 15 36 20 14 23
29 163 p1 15 27 24 16 13 37 14 19 22 29 7 27 12 35 5
29 164 p2 6 37 5 27 16 12 21 22 21 27 6 19 17 21 9 18 15
29 165 p1 9 29 23 11 14 40 19 24 20 29 21 23 18 38 14
29 166 p5 15 25 8 18 21 13 22 20 22 26 22 17 16 34 18 26 15
29 167 p5 6 34 11 33 8 38 20 37 11 17 22 14 12 11 14 38 18 21 17
29 168 p4 5 16 18 30 7 14 13 24 19 18 21 38 12 27 23 22 12 32 14
30 169 p4 22 32 18 12 23 29 17 16 15 16 12 37 18 22 10 13 10 23 23
31 170 p4 17 15 23 14 23 13 23 13 24 23 15 17 5 25 9
31 171 p1 13 26 7 28 14 16 19 19 5 28 5 11 21 39 19 13 15
31 172 p1 22 16 20 22 19 29 14 40 13 34 10 30 9 31 22 14 10 23 7
32 173 p3 11 30 20 27 11 37 6 13 6 28 15 19 24 20 12 12 10 12 20
32 174 p2 16 32 9 26 6 37 8 39 11 30 19 11 23 39 19 28 16 19 15
32 175 p2 13 27 21 36 24 18 10 39 22 27 23 34 9 13 12
32 176 p5 6 32 14 39 9 11 14 32 20 39 24 19 15 31 20 34 15 25 14
32 177 p2 16 29 10 18 11 25 22 33 10 32 13 27 12 40 19 28 6 34 9
32 178 p5 19 23 17 14 6 34 14 32 21 36 9 15 7 23 20
32 179 p4 15 32 14 36 19 32 14 36 22 26 19 20 5 38 10 18 19
33 180 p1 7 21 5 28 15 13 16 25 20 28 10 16 21 37 11
34 181 p5 13 17 6 40 15 37 21 19 19 12 18 30 9 11 8 11 16
34 182 p3 6 17 5 29 7 29 21 30 21 40 6 36 23 29 15 40 6
34 183 p5 10 39 15 14 5 31 16 11 19 33 17 16 19 36 8 18 13
34 184 p5 16 19 5 21 20 14 12 21 22 29 10 16 19 35 15 19 8
34 185 p3 5 31 18 39 14 32 12 28 19 12 13 29 17 30 5 31 24 25 23
34 186 p1 16 33 6 22 16 16 15 13 18 28 18 38 22 19 13 16 23
34 187 p4 10 36 20 15 10 29 18 25 24 26 9 29 7 24 20 19 5 32 17
35 188 p5 12 36 7 37 24 35 15 32 21 40 6 33 18 11 23 30 23 24 14
35 189 p5 22 29 19 40 19 13 12 15 19 28 20 34 6 27 24
35 190 p4 7 14 7 20 11 29 11 28 13 23 9 36 22 18 12
36 191 p3 24 22 13 20 10 21 8 12 16 39 10 35 13 27 10
37 192 p4 5 25 20 24 24 15 21 29 19 34 19 26 17 26 24 15 10 12 9
37 193 p3 5 28 21 21 23 24 8 21 24 16 18 24 7 11 15 39 10 11 17
38 194 p4 12 39 6 21 10 28 21 26 18 15 5 15 17 11 18 31 24
38 195 p1 21 38 24 29 6 12 21 40 21 19 11 32 8 19 21 16 15
38 196 p5 19 31 6 31 16 16 14 18 9 26 13 23 6 12 19 32 7 23 13
38 197 p2 10 26 5 20 18 19 13 22 15 38 16 22 11 15 9
38 198 p5 7 24 12 14 16 18 18 15 7 16 18 11 17 33 10 19 15
38 199 p2 5 40 12 19 24 17 7 21 23 18 16 28 16 27 19
38 200 p1 21 24 19 34 14 18 23 25 6 17 19 33 21 26 17 26 11 29 9
38 201 p3 18 38 17 32 20 21 21 30 10 34 9 26 11 15 11 25 10
39 202 p5 19 18 10 27 9 14 8 18 20 35 6 13 24 28 14 13 15
40 203 p4 15 22 18 13 11 21 10 40 22 11 23 16 20 33 14
40 204 p4 22 19 12 17 20 18 9 16 15 22 16 28 24 31 5
40 205 p4 9 25 22 35 22 13 5 25 11 26 13 38 7 13 11 32 16
40 206 p5 24 31 11 23 16 32 12 12 6 12 23 31 7 19 9 30 12
40 207 p2 22 26 22 13 13 36 21 38 19 34 22 33 19 15 20 20 6 15 21
41 208 p2 12 34 11 16 9 24 17 24 15 22 20 30 20 24 20 27 21
41 209 p4 12 12 21 29 8 19 17 18 13 24 18 19 6 18 18
41 210 p1 5 34 7 31 5 12 22 40 13 26 7 25 5 21 6
41 211 p1 13 20 22 30 11 30 20 27 10 25 15 37 20 21 23 40 17
41 212 p3 12 32 13 16 16 27 21 19 13 22 23 36 21 11 11 34 9 24 20
41 213 p4 5 38 9 24 13 26 19 31 11 39 5 19 13 20 11 13 19 16 12
41 214 p3 19 19 9 26 6 23 11 14 9 22 22 38 7 29 21 36 18
41 215 p2 18 14 13 13 7 38 10 15 5 21 23 25 11 28 10 39 18
42 216 p3 10 26 16 19 20 21 6 15 23 37 16 33 7 40 15
42 217 p2 19 12 17 18 10 16 18 40 10 35 12 37 19 13 13 17 5
42 218 p3 7 36 5 28 13 27 7 38 7 12 22 37 15 29 21 17 21
42 219 p1 17 29 6 30 8 32 20 24 17 28 8 23 6 32 23 25 6 35 24
42 220 p1 6 38 9 40 18 26 19 17 6 29 14 14 23 18 19 13 5
42 221 p5 9 31 23 33 6 35 23 40 12 13 19 36 9 17 6
42 222 p5 21 32 6 36 7 27 14 19 23 13 12 19 6 13 24 33 20 24 19
43 223 p5 18 23 18 15 5 26 14 32 20 17 9 34 10 29 18 23 8
43 224 p1 15 33 24 38 19 12 23 20 22 23 5 34 18 36 15 36 10
43 225 p4 12 32 24 21 16 28 14 21 22 18 7 37 22 22 18 19 18
43 226 p2 21 29 18 12 7 38 11 26 9 26 8 38 23 34 13
43 227 p2 7 35 22 20 17 38 15 16 18 11 19 33 17 30 13
43 228 p5 13 11 7 16 23 40 23 27 23 25 9 36 12 28 10 36 15
44 229 p1 5 39 23 34 9 24 13 32 24 38 12 28 6 28 13 33 11 33 19
44 230 p2 9 23 23 32 16 29 22 23 14 31 19 13 8 23 19
44 231 p2 18 32 24 17 21 25 15 28 17 35 13 17 12 19 17 13 18
44 232 p3 8 27 17 18 13 38 16 31 15 24 11 34 9 32 11 13 21
44 233 p3 18 29 6 32 6 40 13 11 7 40 5 11 14 28 11
44 234 p2 19 17 16 12 22 16 19 20 14 40 15 23 6 33 15
44 235 p3 21 14 16 19 17 27 16 22 15 36 11 40 23 33 15 21 22
44 236 p2 7 23 20 38 23 15 24 34 23 28 7 14 5 15 7
45 237 p4 8 25 22 31 13 24 14 12 8 27 15 19 8 29 10 20 9
45 238 p5 22 27 18 32 9 29 12 24 23 29 20 11 7 33 22 26 22
45 239 p1 16 26 19 27 13 25 12 21 23 24 16 29 16 12 18
45 240 p3 7 15 7 38 5 40 20 21 23 15 7 39 8 37 13
45 241 p4 20 21 24 30 6 36 7 40 11 27 18 21 19 20 16
46 242 p3 20 15 16 22 7 19 21 33 21 22 10 12 24 13 10 11 11 18 7
46 243 p4 9 25 14 17 14 24 16 11 15 24 12 30 24 18 21 15 7
46 244 p1 5 18 11 38 14 14 21 18 19 22 9 13 23 19 5 32 6 30 24
46 245 p1 9 19 8 30 22 32 14 13 8 13 13 37 8 27 18
46 246 p3 16 21 19 38 5 21 9 32 22 13 17 34 11 14 6 35 12 19 11
47 247 p4 16 13 8 18 19 27 15 23 13 11 20 35 5 17 18 22 6
47 248 p5 11 16 21 32 17 30 15 23 11 26 15 30 22 38 10
47 249 p3 12 16 19 32 15 27 11 33 23 18 8 32 21 19 13 37 14 27 18
47 250 p5 6 13 5 40 10 13 22 26 24 29 15 30 19 17 18 31 5
47 251 p1 24 39 16 37 7 36 8 29 10 30 9 38 6 18 9
48 252 p1 14 36 18 33 12 33 5 20 23 19 10 30 17 27 22 34 17 34 8
48 253 p2 24 33 20 26 12 23 20 32 9 31 14 14 23 21 17 39 17
48 254 p3 17 15 12 24 20 26 22 22 19 26 11 24 19 38 7 18 8 24 16
48 255 p2 9 19 9 12 7 37 24 18 24 22 14 16 14 15 22 35 19
48 256 p2 15 37 17 24 10 36 17 28 14 36 7 25 9 39 15
48 257 p3 5 18 6 15 24 40 24 38 10 17 13 34 15 23 22
48 258 p1 15 15 13 40 20 15 22 13 5 19 19 14 11 26 22
48 259 p3 7 16 13 40 17 38 18 15 9 40 9 17 13 22 18
48 260 p4 12 26 12 17 20 19 24 14 18 21 17 11 7 34 14 12 11 31 22
49 261 p2 22 26 5 33 22 16 19 40 19 21 24 37 5 31 23 32 19
49 262 p4 24 38 19 20 8 40 19 28 20 16 5 24 17 14 23
49 263 p1 5 30 22 38 7 30 23 20 5 39 13 17 6 26 18 16 23
49 264 p2 21 38 18 32 16 38 8 20 16 30 16 19 8 38 21
49 265 p1 14 30 24 24 8 20 15 18 16 18 18 17 10 26 16 11 17 26 5
50 266 p5 5 40 11 31 6 21 14 34 22 24 15 16 16 40 22 21 11 14 8
50 267 p5 23 22 11 31 16 13 9 39 22 22 6 14 21 39 12 30 9
50 268 p4 24 14 8 23 9 30 16 30 9 37 16 18 24 36 5
50 269 p4 14 23 17 13 17 18 12 39 8 28 18 23 21 35 13 38 24 22 21
50 270 p4 24 14 5 33 7 17 23 25 8 28 6 13 7 33 11
50 271 p1 17 32 21 22 10 13 16 35 10 39 9 36 5 29 15
50 272 p1 15 26 8 23 18 13 5 22 15 35 20 38 24 33 11 30 22 26 15
50 273 p3 17 36 23 40 17 23 23 21 18 30 8 39 20 18 17 31 22 32 18
50 274 p2 23 36 22 13 16 39 21 39 18 16 9 14 15 24 23
51 275 p2 18 40 10 28 11 28 18 25 14 19 19 18 18 21 23 28 7
51 276 p5 7 36 15 12 19 31 5 18 21 11 23 38 7 39 14 19 17 23 6
51 277 p2 19 28 6 26 21 34 6 11 17 14 8 37 12 11 18 29 12
51 278 p5 21 13 13 35 21 12 20 21 21 37 23 36 7 35 13 21 19
52 279 p4 9 12 18 13 15 25 12 26 18 23 5 15 21 30 22
52 280 p1 10 30 7 27 8 32 24 16 5 15 13 23 6 34 6 25 19 30 21
53 281 p5 15 28 14 12 19 35 24 37 19 14 9 14 16 12 11
53 282 p3 23 32 13 19 22 30 23 35 15 36 20 14 13 30 6
53 283 p5 5 37 21 22 12 26 16 19 17 14 12 23 5 13 8 18 8
54 284 p5 13 33 6 13 18 33 9 28 15 28 5 19 11 40 20 22 9
54 285 p3 19 22 13 25 23 36 20 33 21 37 11 35 6 30 8
54 286 p1 5 20 10 30 23 13 5 23 24 21 24 28 6 25 10 21 20 18 15
54 287 p4 18 25 18 13 14 16 13 33 8 39 11 37 17 38 23 38 14
55 288 p5 18 39 8 16 6 32 5 12 5 17 5 22 10 30 21 25 19
55 289 p5 7 31 5 22 18 31 12 26 16 29 21 12 9 20 5 20 8 38 5
55 290 p4 24 23 14 22 14 17 24 20 24 16 13 16 9 17 5 25 15
55 291 p3 13 24 10 34 22 18 14 32 11 26 9 26 22 37 16
55 292 p4 7 22 8 16 23 26 12 22 6 20 15 24 16 29 21
55 293 p3 20 38 7 40 20 13 21 27 11 40 16 38 14 38 22 13 12
55 294 p4 20 26 13 17 23 16 9 25 7 34 13 27 16 18 22 32 19
56 295 p1 19 35 13 40 19 16 18 37 22 39 22 34 15 35 14 30 17 19 20
56 296 p5 20 16 13 12 5 34 17 20 5 14 17 11 17 27 22 34 23
56 297 p2 14 40 13 21 9 36 12 27 6 22 24 27 12 30 21
56 298 p5 24 32 16 23 23 12 23 27 15 24 9 38 6 27 6 23 13 34 21
56 299 p2 6 20 12 36 11 22 12 37 24 24 17 27 24 11 22 32 15
57 300 p1 13 28 15 25 18 24 7 39 7 16 22 33 8 21 14
57 301 p3 8 19 20 23 8 14 12 27 13 14 23 18 21 39 8 32 10
57 302 p5 20 32 22 17 19 17 14 35 21 36 24 17 6 24 21 14 12
57 303 p4 18 26 19 16 6 33 16 33 17 25 21 30 23 33 22
57 304 p4 23 21 11 12 16 40 5 40 17 27 11 17 22 32 8 26 14 32 15
57 305 p4 14 31 23 20 17 29 5 32 6 24 23 30 18 30 19 17 11
58 306 p5 22 16 13 36 7 36 17 31 23 32 23 22 12 18 24
58 307 p2 5 20 19 15 5 19 17 14 6 14 10 26 12 25 5 11 19
58 308 p2 13 32 18 35 23 25 13 27 7 34 6 14 5 31 6
58 309 p4 11 23 12 16 24 40 10 30 12 28 23 31 23 12 9
59 310 p1 21 23 23 13 23 35 13 28 12 23 9 35 10 19 20 13 20 36 6
59 311 p1 23 33 16 19 13 21 7 27 9 32 9 20 19 26 22 33 12
60 312 p3 9 29 6 20 18 21 24 23 18 40 19 39 16 18 7
61 313 p4 18 40 13 34 17 20 21 13 24 20 8 35 23 20 20 38 20 15 10
61 314 p3 7 18 9 18 7 19 14 34 10 15 21 17 14 38 12
61 315 p2 9 31 6 39 13 12 16 17 16 26 7 37 23 30 18 33 22 31 6
61 316 p3 17 15 23 36 17 21 19 20 20 13 15 31 19 25 5 18 13
61 317 p2 17 30 18 18 12 37 15 34 15 26 5 13 20 33 8 16 13
61 318 p3 16 35 9 37 10 32 7 24 14 29 19 29 23 38 8 28 5
61 319 p1 7 27 10 17 15 34 22 15 17 31 6 30 16 27 6 22 18
62 320 p1 12 26 13 16 19 33 7 30 21 22 23 32 6 36 15
62 321 p5 15 20 16 26 17 12 20 31 8 38 9 36 17 37 11 37 22 25 13
62 322 p5 24 11 23 20 15 23 17 31 17 21 10 31 14 11 21 33 23 16 6
63 323 p5 19 16 14 39 5 24 13 38 12 37 20 23 21 31 9
63 324 p1 17 17 17 32 24 32 21 37 22 39 17 16 7 27 10 20 14
63 325 p4 21 18 20 12 11 29 22 37 20 11 24 14 6 14 21 26 11 36 23
63 326 p2 22 12 13 14 6 18 7 14 22 25 16 13 7 26 23 28 6 38 19
63 327 p2 23 17 20 21 23 25 7 28 12 25 20 23 16 27 18 20 23
64 328 p5 20 32 5 22 18 39 24 16 15 37 15 30 24 22 6 29 19 32 5
64 329 p1 24 16 10 38 13 37 18 40 15 22 14 17 19 13 11
64 330 p2 12 25 5 22 19 34 18 24 22 22 8 32 13 35 16
64 331 p2 11 36 22 24 16 36 20 11 12 14 9 26 21 16 20 35 14
64 332 p3 15 28 16 23 10 37 10 40 8 39 10 21 20 21 21
64 333 p3 16 40 22 37 9 11 8 35 9 25 8 12 17 13 18 40 10 33 7
64 334 p2 24 34 13 34 10 21 8 29 21 35 10 26 17 24 6 17 15 39 20
64 335 p3 21 32 15 15 16 37 17 12 13 12 12 39 14 13 7
64 336 p2 15 40 20 23 11 27 8 28 24 12 10 14 23 12 18 20 23 36 23
64 337 p4 23 32 8 39 17 19 19 12 14 18 10 20 6 23 14
65 338 p5 11 33 24 23 8 17 9 24 14 40 10 13 13 32 22 17 19
65 339 p1 9 28 10 28 22 40 22 11 21 40 16 29 22 11 24 34 24 11 14
65 340 p3 6 11 18 30 22 29 22 36 24 15 8 39 9 26 12
65 341 p4 20 11 23 40 6 16 23 11 22 27 5 23 16 34 24 11 21
65 342 p3 13 35 10 15 5 38 9 22 5 17 15 38 11 38 24 26 7
65 343 p4 18 38 12 21 22 37 23 36 19 39 6 35 6 35 17 11 10
65 344 p1 23 12 19 38 15 18 22 19 12 22 18 32 18 13 8 11 16
65 345 p1 8 29 22 20 11 20 18 26 5 33 14 31 8 22 6 24 14 33 22
65 346 p3 18 22 7 16 12 35 7 23 10 25 8 29 14 21 21 30 5
66 347 p4 17 18 14 30 5 11 22 23 11 16 9 31 19 24 17
66 348 p5 13 19 9 35 12 20 19 36 24 16 22 21 20 18 22 16 10
66 349 p3 24 18 14 20 10 14 17 18 16 36 19 38 5 40 24
66 350 p5 21 32 8 27 15 32 14 24 17 20 8 40 12 11 7 11 14
67 351 p1 10 38 10 30 18 18 23 30 9 28 17 16 23 31 24 25 7 28 11
67 352 p1 6 30 8 39 11 23 11 24 11 14 9 24 14 25 21
67 353 p2 24 34 8 20 5 17 16 35 24 16 18 40 6 26 7
67 354 p3 6 35 14 28 14 14 19 36 16 28 6 37 7 23 14 15 24 15 7
67 355 p2 24 15 9 36 19 24 22 35 18 37 13 17 12 31 24 28 19 23 22
67 356 p2 24 12 8 14 21 29 6 35 13 18 12 20 16 29 14 37 21 12 10
67 357 p3 15 26 19 18 14 26 15 20 6 15 24 28 9 23 23
67 358 p1 11 21 12 22 7 31 18 38 9 23 22 26 11 21 22
67 359 p3 9 30 9 17 19 26 18 12 19 32 19 40 12 37 21
67 360 p4 11 15 8 21 21 14 10 30 10 37 12 34 13 20 7 12 19
68 361 p2 21 29 19 21 19 14 12 22 8 33 15 39 11 31 21 14 18 26 20
68 362 p4 14 12 17 32 10 13 21 30 9 16 14 36 15 14 21
68 363 p1 23 33 14 30 10 30 23 39 14 15 24 26 18 33 9 11 9 11 21
68 364 p2 17 33 19 15 6 30 16 33 12 29 13 21 23 18 24
68 365 p1 14 24 24 18 9 11 20 34 23 12 16 27 23 16 20 20 16
68 366 p5 18 39 18 11 15 32 11 37 22 27 24 16 13 14 13
68 367 p5 15 11 8 24 13 38 12 11 6 14 6 16 10 33 23 30 7 13 8
68 368 p4 9 26 15 27 6 22 21 25 24 21 10 18 9 40 24 15 23 37 14
68 369 p4 7 16 13 24 24 13 14 15 22 23 22 12 19 37 21 29 15 27 14
69 370 p4 12 17 19 29 22 24 8 24 6 17 18 19 15 17 11
69 371 p1 21 30 20 27 12 29 9 20 10 26 15 27 15 35 18 29 6
69 372 p1 18 31 11 31 13 35 11 12 18 35 11 20 17 27 7 34 20
69 373 p3 14 18 11 14 9 13 12 34 18 18 11 19 11 35 5
69 374 p2 18 24 13 40 13 26 20 38 21 37 23 38 7 20 13 20 15 29 21
69 375 p2 18 12 12 32 15 39 7 30 11 21 8 22 20 27 9 22 15
70 376 p5 20 38 19 13 12 20 18 36 8 23 7 37 7 38 17
70 377 p2 17 12 18 36 23 12 22 24 19 29 9 12 8 28 10 17 11 13 20
70 378 p5 6 30 7 21 24 18 17 16 16 19 20 22 11 25 6 13 9
71 379 p4 19 13 6 15 21 34 11 37 7 11 9 32 6 31 8 30 20 34 11
72 380 p1 23 37 11 38 9 35 12 22 7 39 15 11 16 39 13
72 381 p5 20 18 23 34 23 40 13 13 23 34 10 24 8 31 5
72 382 p3 21 35 18 32 5 31 10 11 16 13 22 30 18 30 19 29 6
72 383 p5 6 27 24 38 12 15 19 23 5 32 11 16 10 27 22 21 12 35 22
72 384 p5 22 13 14 30 7 27 19 18 17 35 10 13 6 11 22
72 385 p3 11 38 22 16 9 32 7 17 19 24 23 11 11 33 14 32 19 34 5
72 386 p1 13 23 12 39 20 30 20 17 23 16 7 26 9 32 13
72 387 p4 8 18 13 17 23 34 8 28 5 23 18 11 10 36 19 22 8
72 388 p5 6 33 15 18 6 36 22 14 6 28 18 11 15 31 11 19 20 28 24
73 389 p5 20 29 17 13 8 40 19 19 24 18 23 16 16 21 6 17 11 29 11
73 390 p4 24 33 16 34 7 28 19 32 9 20 11 38 14 30 13 38 10 39 17
73 391 p3 6 28 18 21 17 37 10 31 24 39 13 22 17 23 10 21 21 24 7
73 392 p4 9 11 23 33 24 29 6 38 20 40 22 40 17 37 6 35 17 27 24
73 393 p3 15 27 18 20 23 28 16 21 12 16 15 34 9 11 5 38 21
73 394 p4 13 15 10 36 19 18 20 29 9 25 5 30 23 39 24 40 11 32 5
73 395 p1 7 23 17 28 12 37 16 15 10 36 20 15 14 12 10 38 5
73 396 p5 13 38 13 17 24 16 19 25 13 34 6 26 13 20 17 39 6
73 397 p2 9 18 17 15 9 38 19 16 7 12 14 37 20 37 11
74 398 p5 16 32 17 28 20 19 24 32 15 26 8 35 10 32 10
74 399 p2 5 21 19 33 22 27 12 15 13 12 8 27 19 32 20
74 400 p1 22 37 16 29 10 33 13 16 20 12 23 25 8 17 22 38 18 28 10
74 401 p3 14 28 14 15 16 23 6 32 15 17 14 32 18 24 24
74 402 p5 9 17 10 28 23 15 13 22 12 30 24 18 18 23 8 38 16
75 403 p4 19 17 7 36 7 26 21 38 17 17 9 24 14 21 15 15 16
76 404 p4 10 39 23 22 7 14 7 37 17 40 12 13 22 24 24
76 405 p4 24 16 5 16 17 17 18 34 10 15 13 37 22 27 22
76 406 p5 24 11 11 17 17 13 14 35 10 36 17 27 16 29 11 17 9
76 407 p2 19 38 19 15 8 37 11 32 7 32 17 24 12 17 17
76 408 p2 18 29 22 13 21 17 14 22 9 31 5 25 14 35 8 36 8 13 20
76 409 p4 15 15 9 22 21 34 24 21 5 14 22 19 20 17 22
76 410 p1 15 13 23 26 8 11 12 19 21 16 8 26 23 15 17 25 8
77 411 p1 6 37 20 22 6 22 12 19 20 28 20 27 5 32 15 40 9
77 412 p3 6 19 6 23 6 32 18 11 18 32 16 37 14 13 11 40 15
78 413 p4 20 25 12 26 23 24 14 14 24 32 24 13 19 17 12
78 414 p3 14 12 16 28 22 21 12 19 7 25 20 38 8 11 14 16 20 14 9
79 415 p2 17 27 15 12 23 21 7 18 14 27 6 18 12 40 12
79 416 p3 11 30 11 35 21 27 24 23 8 13 12 24 24 38 18 20 18 27 8
79 417 p2 11 14 24 34 11 19 24 37 11 20 18 19 19 33 19 24 22
79 418 p3 12 36 24 30 6 33 21 28 9 27 12 29 16 35 12 17 23 23 24
79 419 p1 11 39 13 16 18 35 20 29 12 36 18 36 22 28 7
79 420 p1 23 13 23 34 16 33 11 23 13 24 12 23 11 32 20 31 13
80 421 p5 20 14 8 40 5 26 20 26 5 39 18 19 18 24 9 21 13
80 422 p5 21 38 7 20 22 16 13 40 9 23 7 18 22 17 6 19 14
80 423 p5 5 29 8 34 19 12 7 15 23 24 22 39 23 31 22 15 18 32 6
80 424 p1 13 22 20 32 13 33 18 23 14 40 15 39 5 19 5 23 9
80 425 p4 7 14 9 24 5 21 14 38 18 29 11 29 10 17 21
80 426 p2 24 15 22 22 13 31 6 28 19 25 15 37 24 17 7
81 427 p2 18 33 5 25 19 40 9 26 7 12 19 11 12 19 19 14 5 33 21
81 428 p5 20 21 12 34 6 40 13 16 13 17 21 27 20 27 13
81 429 p1 21 27 8 23 24 31 5 32 23 36 12 17 24 15 22
81 430 p2 12 26 12 37 23 35 21 23 16 14 19 39 7 21 12
81 431 p2 8 35 10 27 10 17 21 24 14 39 6 14 10 15 11 22 16 27 14
82 432 p3 12 37 17 27 12 34 11 23 8 21 23 12 24 16 16 22 20
83 433 p3 16 20 11 26 9 28 14 37 21 39 16 33 14 24 9
83 434 p2 12 22 21 36 15 18 16 33 14 32 18 29 7 24 6 15 11
83 435 p3 22 35 22 35 19 40 19 12 13 20 23 13 19 29 19
83 436 p2 18 37 24 15 9 20 23 24 24 19 12 23 9 23 10 11 19
83 437 p4 7 20 18 35 15 18 15 29 11 40 19 28 11 22 8 40 21 32 10
83 438 p5 23 14 13 31 15 18 5 35 9 13 15 25 7 15 19 31 5 18 15
83 439 p1 11 17 14 15 17 40 6 19 13 23 18 15 21 33 18 22 14 17 13
84 440 p3 19 35 11 21 9 30 18 20 15 28 10 19 14 20 6
84 441 p4 18 13 10 17 11 11 14 17 11 25 14 20 11 33 15
84 442 p3 16 20 15 40 11 20 24 36 24 17 7 23 21 32 17 19 19 33 12
84 443 p4 14 17 14 28 9 29 21 32 17 36 13 16 14 35 15 37 14 18 21
84 444 p1 14 29 23 11 24 11 11 29 22 40 10 16 16 16 16
84 445 p1 10 32 14 34 18 39 19 32 5 20 9 38 10 18 8
84 446 p3 10 11 20 12 21 19 24 22 5 13 12 19 22 38 8
84 447 p4 12 25 9 32 23 28 23 22 21 29 10 36 24 16 11 34 23
84 448 p5 9 20 22 23 5 26 20 31 23 11 15 35 14 12 18 16 18
85 449 p3 6 30 21 28 12 35 8 28 7 25 12 26 12 32 11 32 6 18 15
86 450 p5 5 21 12 11 10 21 21 33 21 19 14 39 5 26 9 16 21
86 451 p1 10 31 21 14 13 39 17 27 18 12 23 35 18 34 15 23 23 20 13
86 452 p1 18 37 24 20 24 19 16 25 21 33 13 26 24 34 21 35 12 30 18
86 453 p2 9 28 6 24 11 30 14 20 7 28 13 22 22 26 6 32 8 33 14
87 454 p3 22 20 12 39 12 11 21 32 9 39 6 20 5 21 22 40 19 19 18
87 455 p2 7 25 6 28 18 28 19 29 17 25 11 30 7 36 23 13 16 24 11
87 456 p2 14 23 17 27 12 13 12 18 8 18 10 18 19 32 16 12 5
87 457 p3 10 37 6 21 23 34 16 38 8 27 8 40 23 25 15 29 21 36 5
88 458 p1 15 20 18 30 8 28 24 32 17 20 11 23 19 15 13 15 13 29 13
89 459 p3 15 25 11 19 6 37 24 27 21 22 9 12 24 20 22 24 11
89 460 p4 6 30 8 39 14 28 7 22 15 30 24 17 11 18 19 37 5 12 24
89 461 p2 18 30 10 21 8 17 19 12 8 25 10 21 17 19 11 19 11 22 13
89 462 p4 9 22 9 16 17 32 16 13 18 27 7 20 16 24 17
89 463 p1 14 26 23 37 18 15 16 11 17 38 20 40 7 15 6
89 464 p2 19 39 10 14 6 15 20 11 20 34 5 22 5 38 9 31 7
89 465 p1 12 19 15 19 14 26 5 28 6 24 8 11 8 25 11 11 21 26 8
90 466 p5 5 16 16 13 15 28 24 31 6 18 18 15 23 40 6 21 22
90 467 p5 7 39 13 33 14 38 8 11 14 38 20 17 12 22 15 39 5
91 468 p4 23 14 17 29 15 21 18 13 5 33 20 36 18 12 23 11 11
91 469 p4 17 23 11 24 14 28 10 32 19 28 8 12 16 38 19
91 470 p4 11 11 12 22 7 21 18 16 19 36 11 17 16 23 7 25 15 24 17
91 471 p1 11 16 21 33 7 35 6 22 16 22 8 12 15 36 22 23 23 40 12
91 472 p1 24 26 17 39 24 39 19 15 8 32 13 34 20 12 12
91 473 p3 6 13 9 26 16 34 16 29 6 14 11 24 21 12 17 29 7
91 474 p2 9 14 10 22 22 18 13 18 9 32 24 11 24 23 18 23 7
91 475 p2 19 24 9 34 13 19 11 14 23 37 17 23 5 21 11 13 11 29 6
91 476 p5 22 30 5 36 5 36 20 37 18 26 5 24 13 23 24 22 9 40 22
91 477 p2 22 14 13 34 17 30 11 35 22 39 6 33 6 24 6
92 478 p5 11 30 19 35 11 14 5 14 18 24 20 30 5 39 13 32 12 24 18
92 479 p4 14 34 10 35 15 11 19 31 16 17 11 26 17 15 20 36 16
92 480 p1 13 24 6 31 20 31 17 34 9 19 18 20 23 20 5 36 16
92 481 p5 23 40 15 14 14 26 12 25 10 17 10 18 16 36 16 29 15
92 482 p3 22 32 17 12 22 31 9 19 24 34 5 28 18 40 5 11 18
93 483 p5 17 22 17 37 22 23 20 15 17 36 21 19 24 11 17 29 12
93 484 p5 5 16 12 20 18 13 22 14 21 30 21 16 22 20 23
94 485 p3 19 27 23 38 14 19 9 24 9 24 18 17 5 22 16 25 16
94 486 p1 13 35 18 26 16 32 7 33 13 18 24 34 23 28 23 20 11
94 487 p4 16 20 6 14 22 19 19 29 14 38 23 28 13 37 19 14 11 12 11
94 488 p5 15 26 17 17 7 39 10 11 9 19 22 17 5 30 22
94 489 p5 24 29 16 27 9 15 20 27 5 33 6 35 13 31 24
94 490 p4 15 25 8 21 18 12 14 23 24 31 21 21 24 38 16 31 22 32 21
94 491 p3 10 36 7 32 15 30 10 16 23 17 14 35 8 37 14 23 19
94 492 p4 11 16 23 37 13 26 10 18 8 40 9 29 11 26 11
94 493 p3 22 26 23 24 10 40 24 29 11 13 19 27 10 22 12
94 494 p4 23 35 15 13 19 31 18 27 16 30 21 26 24 28 22 17 22 29 8
95 495 p1 7 20 7 15 24 32 16 32 24 36 5 18 18 35 18 35 17
95 496 p5 19 13 17 15 20 14 8 40 23 25 6 29 10 34 18 35 20 14 24
95 497 p2 17 39 15 38 23 34 13 24 5 31 16 24 23 29 15 24 14 20 9
95 498 p5 23 30 23 13 18 36 15 24 7 25 9 18 5 23 16 21 20
95 499 p2 15 33 23 40 17 24 12 35 22 19 20 31 11 29 9
