0 0 p4 22 3 38 6 14 1 39 8 29 3 23 5 12 8 28 4 21 6 34
0 1 p5 31 5 38 7 39 2 38 6 32 1 33
0 2 p3 16 8 18 11 12 8 16 1 19 8 16 6 38 8 16 2 37 4 37 4 12 8 37
0 3 p4 38 10 33 5 37 2 38 7 34 8 15 2 39 5 30 11 35 11 12
0 4 p2 19 1 12 9 34 10 34 6 31 5 15 6 15 2 30
1 5 p1 35 3 26 5 33 1 14 3 38 9 24 2 33 11 13 10 35 7 38 6 17
1 6 p1 33 4 34 2 26 1 26 3 16 8 15 5 39 4 32 3 24 5 17 9 38 11 28
1 7 p2 19 6 33 11 33 3 20 7 40 11 21 3 40 4 29 1 14 4 16
1 8 p4 26 4 30 0 24 5 28 8 28 0 13 5 13 2 14 5 27 7 24 2 27 2 38
1 9 p4 26 4 12 4 38 2 34 2 27 10 12 8 12 8 24 5 14 6 22
1 10 p2 26 8 34 1 23 2 24 0 11 1 15 7 34 5 20 4 37 1 18 9 28
1 11 p5 19 4 16 6 20 6 11 3 28 7 36
1 12 p1 21 5 16 3 24 5 31 8 21 2 17
1 13 p2 31 4 20 2 30 7 17 9 21 3 19 6 30 6 32 8 13 8 32 4 28 6 35
1 14 p1 18 8 40 6 13 10 28 8 20 8 39 10 32 7 39 2 36
2 15 p1 20 8 15 9 24 6 12 10 17 9 31 3 32 8 15
2 16 p1 17 5 22 5 37 7 11 2 23 7 25 4 30 6 37
2 17 p4 28 5 23 0 20 9 38 6 21 8 16 0 21 4 16 0 11 5 11 0 29 5 33
2 18 p5 33 4 29 8 29 3 14 0 14 5 17 4 40 5 12
2 19 p1 26 6 13 1 21 5 21 7 15 4 26 2 27 3 22 6 36 2 39 4 14
2 20 p4 13 2 13 6 24 8 28 9 31 4 16 4 30 2 13 9 33 5 16 7 30 11 38
2 21 p3 26 8 35 7 20 7 36 10 27 4 14 5 25
2 22 p4 15 6 35 5 36 7 34 5 40 1 19 4 31 4 23 3 23
3 23 p2 25 2 40 10 13 6 33 3 39 4 34 9 35 1 36 9 35
3 24 p4 17 2 32 6 38 6 25 4 20 3 40 9 35
4 25 p1 26 10 16 2 14 1 40 5 38 7 18 4 34 7 33 7 34 2 32
4 26 p2 19 8 39 4 26 4 28 2 38 0 37 2 34 7 38 4 13 2 23 11 33 8 22
4 27 p4 29 11 12 0 34 2 11 1 13 0 11 4 14 9 34 10 29 8 31
4 28 p3 40 8 12 8 30 3 36 9 20 11 11 0 22 11 11 3 38 3 26
4 29 p1 35 9 23 4 28 9 25 1 27 3 33 1 18
4 30 p3 40 4 19 11 32 11 34 6 28 8 24 6 23
4 31 p2 14 1 29 7 34 1 30 3 32 1 38 3 39 3 34 2 26 6 21
4 32 p1 37 1 29 1 33 9 31 1 24 1 14 2 21 7 32
4 33 p3 38 6 30 6 13 1 21 2 25 8 12 7 40 8 20 11 23 1 20 4 35 5 31
4 34 p3 39 2 33 5 12 7 32 7 29 1 39 7 17 4 32 1 12
5 35 p1 14 2 27 6 25 3 15 2 13 10 32 10 18 9 23
5 36 p3 40 5 22 1 38 3 34 2 13 0 26
5 37 p3 36 3 20 6 16 10 19 8 33 6 21 5 34 1 23 9 35 3 35 3 19
5 38 p5 24 3 33 7 22 2 16 1 29 2 39 10 35 8 21 8 14 10 22 7 14 9 34
5 39 p1 17 8 25 1 38 0 14 8 13 3 17 3 28 7 15 2 31 3 31 10 22 2 21
5 40 p1 34 5 17 4 20 3 12 3 16 1 35
6 41 p5 40 1 29 6 24 6 27 5 26 6 19
6 42 p2 16 4 20 3 27 0 39 2 17 3 16 8 40 5 31
6 43 p5 39 2 37 9 23 5 31 6 20 4 29
6 44 p3 38 3 34 6 36 4 17 7 18 1 23 10 26 4 15 1 39
6 45 p4 24 3 17 5 37 8 16 6 29 1 12 8 24 7 11 10 15 2 23 2 37 6 28
6 46 p5 14 5 19 2 28 4 22 3 30 10 22 3 36 2 22 10 26 11 35
7 47 p4 39 5 35 5 14 0 35 3 15 9 17 8 24 2 27
7 48 p1 11 5 32 1 22 1 16 8 11 6 20 7 17 11 25 5 34 2 36 9 40
7 49 p5 37 0 25 11 28 8 11 8 18 2 15
7 50 p4 15 4 28 10 38 10 13 0 23 4 30 0 16
8 51 p5 18 2 35 5 38 5 35 8 20 6 32
8 52 p3 24 2 26 1 26 3 32 4 24 5 13
8 53 p1 15 8 11 7 24 10 26 6 13 3 26 8 27
8 54 p3 40 2 26 6 13 3 38 4 20 7 31 7 35
8 55 p2 38 11 31 7 19 2 29 5 21 1 40 4 18 8 16 6 13 8 40 11 20 1 27
8 56 p5 35 11 32 6 15 8 17 6 37 9 38 5 25 6 22 1 28
8 57 p5 19 4 21 4 28 5 40 2 11 5 11
8 58 p2 35 7 39 3 14 11 24 4 35 6 21 11 13 1 38
8 59 p5 24 3 31 11 14 7 34 4 27 8 27 8 39 6 35 2 16 8 25 7 18
8 60 p5 26 1 37 1 14 8 20 7 31 11 30 4 17 2 13 8 26
9 61 p3 18 0 20 11 21 3 11 8 33 7 38
9 62 p4 11 10 12 2 25 7 28 1 16 7 36 5 37
9 63 p2 21 6 12 3 17 7 29 3 22 5 15 9 23 3 16 9 39 9 39 5 15 0 11
9 64 p4 22 3 38 0 14 3 22 6 35 7 26 5 13 8 39
9 65 p3 17 5 21 4 33 5 24 3 19 3 13 4 24 1 18 6 23
9 66 p4 40 6 14 6 18 6 35 4 31 1 13 9 34 3 26 2 38 6 29 3 19 6 14
9 67 p2 36 3 18 7 38 1 20 11 13 7 15
9 68 p2 13 4 14 3 23 3 29 8 23 2 30 1 12 8 18 3 18 10 14 10 32
9 69 p2 14 0 36 5 29 8 25 1 16 6 33 1 22 1 16 2 35 1 15 1 27
9 70 p1 26 9 33 10 13 11 28 4 23 2 38 1 19 3 14 11 27 2 36 0 16 1 14
10 71 p4 18 10 17 11 34 4 34 7 26 8 24 9 24 8 21 10 30 1 35
10 72 p2 32 6 33 1 29 5 24 4 19 8 13 6 30 10 27 6 25
10 73 p5 40 9 33 7 33 4 11 4 37 11 28 6 29 9 26 8 20 2 12 9 16
10 74 p5 17 5 38 10 26 2 35 7 25 8 38 7 17 9 38 1 36 7 30
10 75 p2 18 9 34 5 17 4 37 7 32 2 38 7 33 1 14 10 15
10 76 p3 39 2 27 7 14 5 31 3 15 2 33 6 38 8 38 7 12 5 11
10 77 p5 14 0 35 4 22 5 20 8 30 9 33 5 37 7 15
11 78 p2 14 9 25 6 20 10 36 8 40 3 17 0 40 7 21 0 16 7 28
11 79 p5 36 5 40 2 21 6 28 1 26 7 39 2 29 4 30 0 40 4 40 9 39
11 80 p3 34 6 37 2 18 10 28 1 34 10 13
12 81 p5 37 2 19 7 37 3 37 3 37 3 15 1 16
12 82 p3 15 2 30 7 16 1 26 9 15 5 25 6 13 11 30 10 38 11 31 9 40 0 28
12 83 p2 24 3 40 8 31 4 21 7 12 6 24 3 12 8 26
12 84 p2 11 10 24 10 17 8 30 1 17 2 34 0 22 4 13
13 85 p1 34 2 38 9 39 2 16 5 32 6 20 0 21 4 13
13 86 p5 24 7 15 3 19 8 27 6 15 6 23 3 36 5 27 11 15 10 23 3 13 1 13
13 87 p4 12 4 23 0 34 10 38 7 25 2 15 6 20 4 13 7 38 7 18 6 32 8 13
13 88 p5 33 9 22 10 20 5 27 3 12 5 38 7 36 7 15 2 36 8 20
13 89 p1 21 8 11 8 29 2 38 7 35 0 17 3 20
14 90 p1 15 8 35 2 24 2 39 1 17 3 29 8 11 4 36 8 31
14 91 p4 13 4 31 8 31 2 38 4 12 3 32 8 37 7 33 8 14 6 19 1 12 7 37
14 92 p4 27 6 17 10 37 2 36 4 33 6 14 6 16 4 36 2 38 6 38 8 28
14 93 p4 35 5 32 3 12 8 24 1 15 7 23
14 94 p2 28 4 37 6 20 5 15 1 18 10 19 3 25 4 30 2 24 9 32 11 20
14 95 p3 31 3 24 6 30 6 25 9 31 4 27 3 40 1 29
15 96 p1 26 0 26 2 12 0 17 6 22 9 11 10 26 8 39 3 22 7 23 7 36 2 33
15 97 p3 33 5 22 3 11 7 40 3 16 6 14 8 36 8 26 4 28 0 25
15 98 p3 23 6 18 4 15 8 19 7 40 1 40 2 26 11 33 6 13 2 27 10 12
15 99 p3 36 2 31 4 18 9 33 11 22 6 25 1 16 6 15
15 100 p4 25 4 40 9 12 8 29 4 19 1 23 3 29 3 38 5 28
16 101 p5 12 6 40 4 19 3 29 4 28 2 29 3 25 2 12 1 16
16 102 p3 22 3 40 6 33 9 31 6 25 5 35 8 35
16 103 p4 25 5 26 5 25 7 34 5 18 0 36 6 35
16 104 p2 13 3 11 1 13 7 35 4 28 0 36 9 20
16 105 p1 29 5 14 3 16 2 37 8 25 10 20 6 20
16 106 p1 21 6 26 3 36 3 17 4 13 1 30 7 20 2 25 6 16 1 25 6 25
16 107 p2 36 1 23 1 16 8 24 5 30 1 18 8 16
16 108 p4 21 10 29 1 39 1 19 5 24 4 20 0 13 6 22 6 31
16 109 p4 25 5 26 8 12 1 26 7 20 11 11 2 29 2 28 5 32 7 39 2 38
16 110 p2 32 5 29 2 22 9 19 7 33 10 34 8 32 7 35 3 37 9 32 6 27
17 111 p5 13 5 26 3 15 8 21 4 37 9 37 3 11 1 12 1 33 4 13 6 22 2 20
17 112 p1 21 4 26 2 12 3 39 3 40 1 24 9 18 6 40
17 113 p2 30 7 28 2 27 10 29 3 18 1 23 4 32 10 28 4 14 11 36 11 20 7 33
17 114 p1 19 4 33 2 26 11 39 3 13 0 34 11 15 8 11 10 40
17 115 p1 35 1 38 0 33 2 14 2 33 0 18 6 16 7 18
17 116 p1 28 2 33 11 26 5 37 2 25 7 24 8 21 11 27 8 40 8 22
18 117 p4 36 4 24 8 40 0 23 4 18 6 27 6 36 8 16 5 28 3 40 6 19 6 27
18 118 p5 22 1 38 5 13 6 37 7 25 9 19 4 20
18 119 p1 36 2 22 10 37 6 11 11 37 11 37
18 120 p4 26 10 13 7 39 6 17 7 20 2 21 10 20
18 121 p3 38 10 11 10 33 5 15 5 12 0 40 7 36 4 31 0 27 2 30 5 22 8 22
18 122 p4 21 1 32 3 27 6 19 2 19 6 29 6 18 11 33 3 20
18 123 p2 13 7 26 1 27 6 14 11 40 6 39 5 14 2 11
18 124 p4 38 7 30 7 25 7 11 0 33 8 39 2 11 7 27 6 34
18 125 p1 12 5 11 5 15 3 19 10 31 4 19 2 40
18 126 p2 38 6 34 5 13 9 37 4 19 6 20
19 127 p4 34 8 29 6 20 8 37 3 18 5 13 5 13
19 128 p3 25 9 28 7 15 9 30 3 11 2 20
19 129 p1 16 0 22 4 35 5 14 11 26 4 36 4 36 4 30
19 130 p3 30 4 19 9 34 7 38 0 13 5 11 4 35 1 35 6 25 7 32 7 21
19 131 p2 32 6 26 8 18 3 40 8 16 0 26 6 23 3 12 11 27 6 14 3 36
19 132 p1 19 11 40 8 32 10 32 4 14 2 24 4 14 8 35 2 33 7 25 2 28
19 133 p3 31 11 14 3 33 2 21 5 15 1 11 6 21 6 35 9 13 11 26 7 36 5 14
19 134 p3 16 0 17 5 34 4 37 10 25 9 22 11 35 2 31 8 11 5 12
19 135 p1 26 2 34 9 31 4 39 10 34 9 18 6 25 11 25
20 136 p3 30 0 22 11 16 1 28 4 19 4 11 3 14
20 137 p3 22 2 24 2 33 8 17 4 23 0 34 0 23 8 29 11 40 10 31 5 33 10 29
20 138 p5 33 7 16 3 21 10 36 3 40 4 30 2 28 2 16 2 15 10 29 4 15
20 139 p1 25 4 23 10 32 11 28 3 33 7 38 3 28 1 34
20 140 p1 28 4 40 7 30 5 24 3 28 8 13
20 141 p5 33 2 30 4 19 11 21 1 20 4 24 0 17 3 37 8 34 4 22 1 14
20 142 p2 22 3 14 3 37 6 26 2 11 2 15
20 143 p5 14 3 21 10 16 4 22 11 24 5 23 3 36 6 40 11 14 7 11 4 20
20 144 p3 29 10 36 5 18 3 23 3 35 4 39 9 35 3 29 0 28
20 145 p4 37 3 22 6 29 6 14 7 18 11 15 1 22 3 15 1 30
21 146 p5 35 3 30 6 14 7 32 5 31 3 32 8 38 7 28 7 31 1 24 6 16
21 147 p4 40 7 30 6 26 5 19 7 14 9 40 6 39
21 148 p1 34 2 27 8 13 4 14 1 26 4 32 6 32 2 18 3 11 3 17
21 149 p5 33 4 30 4 15 5 40 5 11 1 30 1 28 4 17 1 12 5 36 11 27
22 150 p4 21 2 32 6 34 10 12 1 27 0 23
22 151 p5 31 2 14 7 36 1 24 10 39 6 37 3 32 10 21 3 15 9 19 5 35
22 152 p3 35 4 37 3 30 9 21 1 21 3 36 10 13 3 16 6 27
22 153 p1 29 10 16 3 20 11 31 4 17 5 11 7 37 1 39 5 32 0 31
22 154 p3 22 10 18 8 12 11 34 0 23 0 39 8 25 11 20 3 12
22 155 p2 12 0 33 1 35 5 38 3 37 11 25 8 39 11 24 9 21 6 28
22 156 p5 27 3 17 2 18 8 33 11 29 1 27 6 14 10 25 6 32 7 32 8 26
23 157 p5 39 3 24 3 34 6 16 5 18 8 11 4 37 9 38 8 33 2 34 6 33 4 12
24 158 p2 32 2 20 1 20 0 15 9 24 8 13 2 33 4 37 9 20
24 159 p5 16 2 29 10 27 7 37 5 14 0 37 2 22
24 160 p5 38 3 22 2 23 7 40 1 27 3 13 9 11 8 12 7 37
24 161 p3 32 5 30 4 34 1 23 4 39 9 23 6 33
24 162 p4 21 8 38 6 40 4 13 1 17 7 11 2 22 3 27 3 21 4 16 1 37 3 19
24 163 p2 29 11 31 9 14 3 19 4 17 1 37 4 26 8 25 7 20
24 164 p4 21 7 13 8 16 3 24 7 18 9 27 5 38 8 17 5 15 5 13 9 22 5 20
24 165 p3 27 1 13 9 30 2 12 5 22 3 34 1 26 5 39 2 31 10 36 8 35
25 166 p4 34 7 38 6 20 8 18 4 27 8 33 5 39 6 14 8 31 5 24
25 167 p2 31 4 29 9 20 11 33 3 11 2 18 8 31
25 168 p2 16 6 21 4 11 6 25 3 32 5 21 4 19 7 25 3 34
25 169 p2 13 11 20 7 37 0 36 0 22 1 23 5 21 6 24 8 32
25 170 p1 32 8 35 5 26 4 28 4 37 5 38 7 23 11 17 9 18 0 16
26 171 p4 38 6 15 10 12 6 14 1 25 4 26 11 23
26 172 p2 19 2 35 2 25 5 36 8 35 2 27 2 19 2 34 1 36 2 28
26 173 p5 19 4 15 2 28 7 26 10 22 5 31 4 19 1 23 4 34
26 174 p5 39 8 20 7 22 0 28 9 30 7 24 6 33
26 175 p2 34 2 35 4 28 6 29 4 30 5 20 6 21 7 14 10 22 3 22
26 176 p3 21 3 12 10 12 3 31 10 37 7 15 10 17 8 27 4 21
26 177 p5 37 2 19 5 20 6 34 1 17 7 20 6 29 10 20 6 30 3 28
26 178 p2 31 3 17 8 14 4 33 2 27 4 33 1 28 8 15 2 40 5 32
27 179 p5 27 10 37 10 35 6 36 2 14 1 19
27 180 p3 11 8 35 6 15 4 20 7 22 11 37 10 26 7 29 11 26 4 38 10 14
28 181 p5 23 3 11 10 30 6 30 4 34 10 34
28 182 p3 26 0 28 1 25 10 39 3 14 8 23 8 11 6 26 1 26 0 36
28 183 p2 35 5 36 4 31 6 36 3 25 6 35 8 39 8 38 11 27
28 184 p2 11 3 18 1 19 10 36 2 30 0 31 4 18 2 34 8 22
28 185 p1 14 5 23 3 34 1 38 3 24 5 36 6 35 7 38 5 32 5 34
28 186 p5 39 7 39 8 37 4 29 9 19 7 33 8 33 1 21
28 187 p4 21 2 11 1 28 4 31 5 30 1 13 3 16 7 16 8 14 4 11 0 40 5 34
28 188 p5 14 9 12 5 28 4 39 10 13 7 25 1 36 6 24 6 23 11 31
28 189 p1 14 4 30 10 37 1 13 6 36 6 17 8 20
28 190 p1 36 3 15 4 20 6 14 8 34 0 18 3 31 3 18 1 34
29 191 p4 17 7 14 3 14 3 31 3 29 0 11 9 24
29 192 p4 20 9 20 0 15 0 27 4 33 9 12
29 193 p4 12 5 35 7 12 8 38 1 23 3 34 8 37
29 194 p2 36 3 20 6 29 3 21 8 36 8 26 10 34 6 23 7 20 11 29
29 195 p3 25 1 30 1 18 1 40 3 27 7 17 7 28 1 31 3 35 10 40 1 30 2 34
29 196 p1 34 6 33 7 36 6 19 7 37 10 37 2 31 11 38 3 21
29 197 p3 35 1 22 2 35 6 23 7 16 10 40 5 36 4 32 0 20 6 23 5 29 9 20
29 198 p3 22 6 21 6 17 6 35 9 12 2 31 1 30 1 30 11 11 11 37
29 199 p3 13 2 25 10 21 7 19 11 12 2 21 0 20 4 30
30 200 p4 35 2 17 7 33 3 11 10 28 10 39 7 23 2 21 5 13 6 30 4 23
30 201 p5 19 5 27 8 26 4 18 11 12 8 19 5 23 7 37 3 14 9 13 7 20
30 202 p3 32 11 37 11 15 7 28 8 28 10 32 3 23 8 19
30 203 p4 16 3 40 4 21 11 33 2 30 9 31 7 33 3 16 11 32 3 33 10 12 3 40
30 204 p2 34 2 20 11 21 3 39 2 20 5 28 3 39 7 37 1 14 5 38 5 22 9 15
31 205 p1 38 1 23 7 40 11 20 3 38 4 30
31 206 p1 17 7 23 5 13 2 14 10 32 1 37 2 37 8 15 6 16 9 23 7 22 8 40
31 207 p2 20 11 12 10 31 8 35 9 31 6 31 10 29
31 208 p4 33 9 34 10 21 8 39 11 20 0 16 10 19 0 21 6 15 2 11
31 209 p4 33 5 36 11 13 7 39 0 29 6 38
31 210 p2 34 6 39 4 32 4 23 5 38 5 35 5 15 11 35
31 211 p5 24 7 14 3 37 3 17 6 17 8 14 11 12 11 37 7 20 8 14
31 212 p1 21 1 34 10 40 2 18 4 38 4 30 10 21
32 213 p2 34 3 30 4 31 2 29 5 27 11 27 11 40 5 40 5 16 8 29 2 27 2 28
33 214 p1 16 1 11 6 19 8 19 10 30 2 37 11 27 9 26
33 215 p1 40 1 34 10 16 11 26 2 12 8 22 6 14 11 35 4 18 0 15 6 35 8 37
33 216 p1 39 0 17 11 20 6 28 3 15 7 39 9 26 4 26 9 32 5 30 4 23 3 18
33 217 p4 20 10 23 5 13 8 22 8 36 5 11
33 218 p5 32 3 11 2 23 6 12 8 16 5 23 10 24 3 18 11 15
33 219 p1 17 3 29 0 30 0 40 8 32 4 40 6 18 5 26 7 11 5 20 5 19
33 220 p4 19 3 38 8 37 6 30 5 15 6 25 1 20 2 14
33 221 p3 24 9 15 5 34 7 17 7 27 7 25 2 18 3 22 8 21
33 222 p4 33 9 33 11 30 6 14 5 16 7 39 10 25 8 19 6 21 8 33
34 223 p2 30 10 34 7 30 8 33 2 27 0 20 1 22
34 224 p4 15 7 17 2 14 2 25 2 17 0 31 8 33
34 225 p1 19 10 24 7 20 4 13 2 33 10 31 10 23 2 11
35 226 p2 29 3 14 0 39 1 38 0 29 7 30 8 36 7 32 4 37 8 40
35 227 p4 24 0 33 1 27 2 38 4 26 8 17 5 36
35 228 p3 14 1 38 8 29 4 14 7 33 7 26 2 20 5 29 2 15 11 28
35 229 p1 22 3 11 8 37 7 20 2 23 7 33 0 35 5 22
36 230 p3 25 6 36 8 14 5 38 0 15 5 30 11 18 8 14
36 231 p2 25 4 20 10 23 6 32 4 17 1 12 9 15
36 232 p1 32 0 22 3 34 2 19 4 24 3 22 7 31 3 30 10 34 4 11
36 233 p3 33 2 14 2 38 0 27 3 13 1 30 6 14 4 38 2 17 5 35 1 29 8 14
36 234 p3 19 2 23 3 16 10 21 4 13 8 13 0 18 4 25 7 15
36 235 p1 30 7 29 8 34 3 32 5 35 3 35 4 40 3 15 2 27
36 236 p3 18 1 36 6 35 4 38 11 13 5 33 0 17 0 31 3 21 7 16
36 237 p3 26 7 18 1 21 3 13 2 24 2 17 5 12 10 22 8 37
36 238 p5 28 9 39 5 18 11 17 4 40 11 11 11 39 6 25 5 36 7 30 6 32 9 23
37 239 p1 21 2 21 2 21 6 14 7 28 10 16 6 19 1 24
37 240 p1 34 7 12 5 25 7 27 2 36 6 34 5 12 6 35 6 19 4 29 7 26
37 241 p5 29 6 29 11 21 3 33 9 16 2 20 1 19 3 25 6 17 6 32 7 15
37 242 p2 20 4 16 5 20 4 27 5 30 6 20
37 243 p5 12 9 40 11 25 5 21 7 38 3 19 7 27 2 12
37 244 p3 16 4 23 6 14 9 12 2 21 3 21 5 39 2 22
37 245 p4 35 4 34 2 32 10 29 3 16 6 28 7 29 7 29 11 23
38 246 p5 21 0 11 11 36 1 23 6 15 11 18 3 40 7 31
38 247 p4 16 7 35 0 19 9 18 5 22 5 37 9 17 0 36
38 248 p1 13 5 29 2 19 11 22 3 34 1 36 4 18 2 11 11 24
38 249 p5 21 2 20 0 30 4 19 4 24 1 23
38 250 p4 16 2 26 7 34 6 26 1 32 1 17 8 27 5 27 11 22 5 39 6 29
38 251 p5 17 2 36 3 32 2 21 7 33 4 37 7 31 8 26 6 24 8 16 6 33
38 252 p3 34 9 40 6 38 4 26 8 16 10 39 11 19 2 12 7 37 7 30
38 253 p1 31 4 24 1 19 8 39 4 15 1 15 7 29
39 254 p3 13 6 32 10 11 1 31 9 27 1 33 0 19 1 16 4 31 9 21
39 255 p2 17 0 25 9 27 7 27 2 40 6 38 0 19
39 256 p5 32 8 33 4 40 1 35 5 37 7 35 5 15
39 257 p5 33 2 33 8 38 1 17 3 29 5 26 5 28 1 36
39 258 p2 20 11 25 6 38 2 19 3 25 1 14
39 259 p5 39 6 26 3 15 1 25 8 39 6 31 10 21 10 25 9 35 9 29 4 21
39 260 p5 34 7 13 1 18 8 29 7 14 2 22 11 30 8 22 11 11 4 23
39 261 p3 35 7 30 3 25 10 17 7 35 7 17 7 25 5 28 3 18
40 262 p4 24 1 29 2 19 6 21 8 14 7 29 3 28 0 39
40 263 p2 14 7 19 11 35 10 40 1 35 5 11 1 40 6 22 1 15 0 40 8 30 11 11
40 264 p4 39 4 13 5 24 0 36 4 17 3 11 2 18
40 265 p3 31 7 31 3 19 4 14 7 34 8 16 4 21 1 38 4 28
40 266 p4 28 4 40 1 15 0 18 5 16 8 28
40 267 p2 34 1 34 9 38 10 20 2 32 3 18 11 28 7 22 11 13 4 11 5 25
41 268 p2 11 8 28 3 16 7 39 0 39 11 11 1 18 7 28 3 39
42 269 p2 13 0 19 2 26 3 13 5 40 2 18 7 32 8 24 0 35 8 34 6 11 0 18
42 270 p1 32 10 37 4 13 3 32 6 33 8 18 7 36 4 21
42 271 p4 20 6 21 3 31 3 30 9 21 2 37 8 30 2 34 8 25 1 28 8 34
43 272 p2 16 3 34 6 18 7 14 1 19 4 17 6 19 7 11
43 273 p5 22 8 14 7 33 9 20 2 36 0 36 8 27 2 32 3 39 3 17
43 274 p5 40 2 19 5 30 0 28 5 23 3 40 4 26 8 29 2 11 5 34 11 35
43 275 p2 15 4 33 6 12 4 25 7 15 11 39 3 34 3 12 2 11 4 40 1 18 8 16
43 276 p3 20 3 30 0 39 6 26 6 33 8 25 3 32
43 277 p5 25 8 20 8 28 7 23 9 24 1 33 0 19 2 30
43 278 p2 25 4 13 3 33 7 27 6 28 4 18 3 16 3 18 0 12 2 33 3 29 1 25
43 279 p5 24 5 11 5 35 2 34 8 39 1 39 5 26 5 15
43 280 p3 19 6 34 4 18 8 30 2 40 2 28 8 35 8 33 8 27 9 27 8 28 2 21
43 281 p5 16 7 17 1 12 7 24 9 34 10 21 3 39 3 13 5 21 7 22 3 16
44 282 p3 33 9 11 7 12 7 40 5 11 3 29 0 38
44 283 p2 18 9 38 8 29 4 32 5 33 11 40 2 22 6 14 1 20 10 36 6 14
44 284 p2 33 5 27 1 37 9 25 5 32 2 13
44 285 p1 11 2 32 10 21 2 32 11 21 5 31
44 286 p5 40 4 11 8 30 8 36 4 28 1 27 7 35 6 25
45 287 p4 38 8 38 8 28 1 21 5 38 11 19 5 35 7 27 3 34 10 12 6 40 3 14
45 288 p5 29 3 37 11 38 8 25 5 23 8 30 10 17 3 11
45 289 p1 38 10 14 7 18 1 28 7 39 2 27 9 31 4 15 3 29 9 11 4 28
45 290 p1 19 5 29 6 11 4 16 6 17 8 11 8 31
45 291 p4 18 5 21 1 39 8 28 0 38 6 26 2 12 4 29
45 292 p4 34 3 38 4 15 3 12 5 40 8 39 6 17 11 30 2 27 8 36 1 18 3 15
46 293 p4 21 6 15 2 31 0 23 5 17 7 26 6 37
46 294 p2 15 8 26 2 12 3 24 1 21 1 26 1 29 8 21 6 35 5 15 10 28
46 295 p3 39 6 22 4 28 11 17 2 20 2 37 10 26
46 296 p1 11 3 23 3 33 2 21 2 23 7 30 6 18 7 20 5 30 10 15
47 297 p3 24 10 30 1 28 8 18 3 37 3 18 3 15 5 33 5 28 7 11 0 19
47 298 p3 37 5 31 3 20 5 26 3 27 4 27 8 27 6 34 11 13 10 28 9 22
47 299 p3 28 6 34 3 39 5 38 4 14 9 28 0 31 5 19 10 23 3 19
47 300 p4 36 6 33 9 31 4 31 0 35 3 22 1 26 0 25 4 37 7 34 5 33 4 14
47 301 p5 37 8 20 6 23 8 24 2 31 7 31 5 11 3 13
48 302 p3 38 8 28 10 27 3 13 2 25 4 29 3 34 0 13 7 11 7 22 4 28
48 303 p4 33 2 27 1 24 10 26 6 31 10 17 4 11 5 15 10 22 1 15 6 39
48 304 p2 32 2 39 3 34 2 17 5 31 8 13 3 27 10 11 6 14 2 21 5 22 10 39
48 305 p1 40 6 16 10 30 3 28 8 30 7 27 8 11 7 26 0 31 5 23 5 16 6 14
48 306 p1 36 9 38 2 21 9 19 7 23 6 12 3 27 1 36 2 40 4 30 4 36 2 20
48 307 p2 25 2 16 11 34 3 12 11 30 6 22 2 28 11 28 6 34 4 39 8 25 1 20
48 308 p4 11 3 16 3 31 5 26 8 35 4 21 1 19 10 21 7 14 4 20
48 309 p4 13 7 35 6 20 8 24 3 18 2 29 4 21 7 25 7 30
49 310 p2 22 3 33 8 18 4 29 8 12 2 18 8 33
49 311 p5 17 11 30 4 19 7 40 7 33 6 14 7 31 1 34 3 38 4 19 2 13
49 312 p1 16 7 37 3 22 2 11 2 22 5 17
49 313 p2 37 6 19 2 32 7 16 8 34 3 14 5 22 9 17 5 35 2 15
50 314 p1 22 8 27 4 22 6 32 8 38 1 34
50 315 p1 35 7 32 3 36 2 39 8 16 5 37 1 20 8 11 9 37
50 316 p1 25 4 19 6 19 1 14 3 30 7 33 5 40 0 28 9 18 6 20 3 13 8 36
50 317 p4 22 11 21 5 14 1 28 5 39 2 29
50 318 p5 33 8 39 6 26 1 25 4 24 3 35 3 33
50 319 p1 30 3 14 0 22 6 34 5 32 1 33 7 36 5 19 6 39 8 28
51 320 p4 37 6 34 10 18 1 15 0 22 5 16
51 321 p3 32 8 25 2 24 0 24 11 31 1 14 0 16 8 29 1 14 6 23 8 15 0 29
51 322 p4 39 10 15 11 26 5 31 3 23 8 23 1 13 2 34
51 323 p2 14 8 27 8 26 0 32 9 31 5 29 4 39 2 40 7 27 0 22 10 36 7 27
51 324 p4 22 5 25 6 11 5 21 9 32 7 30 7 17 2 13
51 325 p1 35 4 39 11 27 5 17 1 17 7 27 3 26
51 326 p2 23 8 22 3 37 8 14 6 18 4 24 1 37 4 30 2 12 5 16 4 37 8 27
51 327 p4 30 8 19 2 32 11 18 3 15 4 16 11 13 1 16 4 26 8 38
51 328 p3 12 4 23 7 17 6 16 5 11 10 24
51 329 p1 25 5 26 4 26 3 27 4 20 0 22
52 330 p3 22 5 32 2 13 7 37 5 36 8 22
52 331 p2 23 3 32 3 20 8 34 1 15 0 34 1 31
52 332 p1 16 10 27 7 28 9 37 3 17 5 17 3 21 8 26 11 30 4 21
52 333 p3 25 5 22 6 12 4 21 7 21 0 12
52 334 p3 11 6 35 3 40 4 37 9 13 7 14 2 23 3 17 9 15 10 28 4 26 3 26
52 335 p1 36 6 17 9 30 9 35 5 11 7 22 2 22 9 33 3 23 1 39 5 27 6 38
52 336 p3 36 11 40 6 18 1 22 9 27 6 22
53 337 p3 37 4 14 8 33 3 37 6 15 6 16 4 20 3 23 4 15 10 17 6 34 8 32
53 338 p5 13 6 23 7 12 5 34 4 23 11 16 8 37 4 11 8 19 4 13 7 13
53 339 p1 36 11 23 1 14 4 22 8 14 7 22 6 30
53 340 p1 33 7 34 2 11 8 11 3 31 6 12
53 341 p5 36 8 29 1 31 6 34 10 36 5 34 0 36 10 26
53 342 p2 31 2 13 8 28 6 19 2 23 10 32 1 11 6 29 10 32 10 19 6 25 2 14
53 343 p5 26 3 22 3 26 9 36 1 29 7 36
53 344 p3 27 10 24 3 15 3 36 1 28 3 21 1 12
54 345 p4 31 3 12 6 35 7 34 5 24 5 19 3 11 11 35 9 35 1 18 1 12 11 11
55 346 p5 16 10 36 10 14 4 21 0 20 11 38 8 23 1 31 4 33
55 347 p4 26 1 30 8 38 5 13 6 23 4 31 2 20
55 348 p1 17 1 35 4 38 5 23 0 13 2 27 6 19 0 19 6 30 0 22 6 22 3 32
55 349 p5 12 7 37 11 18 3 25 6 22 5 33 9 32 7 33 5 29 5 22 6 29
56 350 p4 34 7 36 3 26 7 15 11 13 9 16 5 24 5 31
56 351 p5 18 7 23 1 31 0 29 4 29 4 16 5 23 7 16
56 352 p3 39 11 25 9 17 5 13 3 37 3 30 9 20 2 18 3 21 4 26 8 17
57 353 p1 29 4 29 3 18 3 15 9 39 4 28 1 23 9 15 3 19 8 27
58 354 p3 36 1 15 5 23 5 33 8 35 4 21 2 27 5 22 2 35
59 355 p2 26 2 11 6 14 7 20 10 14 4 13 2 31
60 356 p5 39 1 23 0 34 10 12 6 14 3 26 4 38 2 36
60 357 p5 38 6 36 4 32 4 11 3 18 11 13
60 358 p2 19 11 36 6 26 4 21 7 36 7 31 10 33 3 39 7 40 8 23 4 32
60 359 p5 37 2 37 1 19 11 11 2 35 4 16 8 27 4 24 4 27 4 38 1 12
60 360 p5 39 3 24 2 39 9 11 5 15 5 20 1 21 7 38 4 20 8 40 3 35 4 21
60 361 p3 26 5 18 3 31 8 40 8 30 2 24 1 40 6 11 7 18 1 38 7 24 7 15
61 362 p4 27 4 40 7 24 7 22 0 38 6 40
61 363 p2 17 2 16 11 16 0 40 1 15 3 30 10 33 10 20 4 14 5 35 6 22
61 364 p4 20 10 19 1 19 9 38 3 35 7 38 2 38 8 38
61 365 p3 22 5 29 8 15 7 17 8 24 4 19 6 16
61 366 p4 15 6 33 5 24 2 14 4 16 5 38 6 31 11 33 1 37 4 22
62 367 p2 13 4 25 3 11 3 23 4 13 9 19 8 33 2 14 11 32 11 31
62 368 p2 24 11 28 2 40 10 12 8 39 6 21 7 16 11 23 3 18 7 19 2 27
63 369 p2 39 5 16 8 27 1 22 3 24 8 38 3 11 3 37 3 35 1 27 7 38
63 370 p1 21 8 24 1 36 2 14 11 13 11 27 10 39 7 14 1 23 2 39 3 26
63 371 p4 15 2 38 3 20 7 18 8 23 0 40 7 19 1 37
63 372 p2 27 6 32 0 30 6 25 0 17 2 36 3 29 1 22 7 40 8 17 9 20 5 23
63 373 p5 12 9 27 10 31 4 21 8 16 0 14
63 374 p5 27 5 23 10 21 3 23 3 33 0 13 7 36 8 35 7 26 0 11 3 35
64 375 p2 39 0 15 2 36 2 25 8 20 7 40
64 376 p3 13 2 36 11 36 7 36 3 37 11 40 10 18 2 36 6 21
64 377 p5 23 4 18 5 29 10 17 5 35 1 16 5 12 7 15
64 378 p2 17 3 13 2 15 4 20 3 30 5 14 8 23 3 22 1 32
64 379 p5 16 6 26 6 18 4 23 9 23 8 38 5 33 4 20 5 33 2 38
64 380 p3 26 3 23 7 37 8 17 7 12 5 15 10 17 6 22 9 25 10 37 2 11
64 381 p5 30 2 19 7 37 7 14 7 14 11 11
64 382 p3 22 9 23 6 14 10 29 4 17 1 27 2 28 1 28
64 383 p2 40 6 12 2 17 7 13 8 35 7 33 2 20
65 384 p2 28 4 31 10 22 7 30 7 26 4 31 8 18 1 32 5 26 0 20 8 34 8 24
65 385 p1 23 4 25 5 26 11 16 6 16 5 20 3 17
65 386 p5 19 8 26 2 35 9 29 1 19 6 37 5 33 3 37 1 36 11 38
65 387 p4 24 5 30 4 31 9 30 3 30 4 25 5 31 2 17 5 24
65 388 p5 24 7 14 4 38 7 24 4 24 3 21 5 26
65 389 p1 12 2 35 4 20 2 21 7 27 9 32
65 390 p1 36 7 34 8 16 3 19 1 31 7 12 1 11 1 28 1 15 9 33 7 32
65 391 p4 39 9 12 11 15 4 21 5 36 2 13 10 37 9 32 3 16
65 392 p4 31 8 20 4 25 8 26 6 38 3 24 2 17 4 31 1 26 5 25 2 40
65 393 p4 32 2 31 1 26 1 40 9 16 2 15 4 27 4 14 3 37 2 36 8 15 4 31
66 394 p2 17 0 15 7 39 2 37 6 33 9 20 2 24 5 35 6 13
67 395 p3 33 10 28 7 23 1 35 2 25 7 16 2 18 5 28 3 34 7 15
67 396 p1 35 8 34 9 28 5 14 6 38 11 35 0 37 4 18 5 26
68 397 p3 23 8 11 1 26 11 33 5 38 5 25 8 14 3 31
68 398 p3 12 8 29 8 38 4 37 3 31 7 22 11 21 8 14 10 15 6 33 2 34 7 29
68 399 p3 18 5 29 7 29 6 39 3 14 5 34 4 11 1 18
68 400 p4 22 0 16 1 27 2 13 1 30 0 33 6 13 1 37 4 33 3 21
68 401 p5 17 2 16 3 16 1 14 9 29 5 32 5 39
68 402 p3 12 9 12 2 26 4 13 1 36 7 25
68 403 p4 32 2 29 10 26 7 33 10 30 0 18 4 29 5 30
68 404 p2 23 8 27 1 19 4 24 5 17 4 28 9 40
69 405 p1 34 4 28 8 26 8 35 4 11 8 29 9 17 5 20 4 30 0 34
69 406 p1 38 2 24 2 25 0 31 10 25 0 31 10 17 5 36 5 34 1 20 3 37 5 25
69 407 p2 24 8 40 4 31 4 24 1 27 1 31 4 34
69 408 p4 33 1 18 8 29 8 34 7 15 5 24 0 31 6 33 4 21 2 32 5 27 1 17
69 409 p4 29 11 20 2 39 3 23 3 33 10 15 8 32 5 35 4 32 7 24 6 33 4 31
69 410 p2 12 7 31 7 36 3 33 6 38 6 32 9 40 4 26
69 411 p5 25 5 36 4 36 4 29 1 25 11 17 10 31 6 15 5 25 4 31 3 20
70 412 p1 36 7 23 8 12 11 23 5 36 7 35 8 27 2 22
70 413 p2 40 0 29 8 22 2 11 1 28 8 20 6 15 1 38 7 28
70 414 p1 30 5 26 1 35 6 11 8 39 7 19 9 25
70 415 p1 19 7 17 10 22 10 17 4 29 6 14 8 32 5 37 4 11
70 416 p1 18 0 25 5 38 11 25 10 30 8 34 2 24 3 30 10 38 6 15 7 24 2 33
70 417 p4 28 1 13 8 22 10 36 8 36 5 39 5 31 5 40
70 418 p5 33 10 38 10 16 3 34 8 14 1 21 7 18 8 36 0 30 1 27
70 419 p1 32 5 11 3 16 2 34 6 25 0 32 2 23
71 420 p4 20 0 16 10 33 3 24 1 12 2 21 3 22 5 17 7 29 4 15
71 421 p3 32 11 11 2 19 1 25 2 37 0 26 0 24 7 18
71 422 p4 23 0 38 3 34 3 30 9 39 6 22 7 20 3 23 9 36 0 14
71 423 p2 28 10 20 4 23 1 17 1 31 1 26 6 37 11 33 6 32
71 424 p4 30 2 29 1 11 4 24 4 38 8 24
71 425 p1 35 3 23 3 35 1 35 5 16 8 33 2 24
72 426 p2 21 8 19 8 32 2 16 11 24 8 23 6 17 8 31 1 28 9 15
72 427 p4 33 10 13 6 13 7 24 6 40 0 14 10 25 11 12
72 428 p3 18 11 12 6 31 7 21 5 37 3 35 4 35 7 18
73 429 p1 32 10 16 2 37 8 39 6 26 3 25 5 36
73 430 p3 25 6 11 3 35 8 27 9 23 3 23 7 23 1 21
73 431 p2 12 11 35 3 12 2 35 1 37 2 21 8 20 7 22 9 31
73 432 p1 16 0 33 3 14 1 23 11 22 3 19 0 13 11 25 1 22
73 433 p3 12 1 40 10 22 5 24 2 16 6 17 1 20
73 434 p3 29 6 32 6 28 4 34 5 30 2 27
73 435 p1 14 7 20 6 19 6 21 7 24 4 25
73 436 p3 25 1 32 3 23 5 31 5 17 6 30 5 33 6 16 9 32 1 17 5 15
73 437 p3 18 8 15 6 32 5 22 9 31 3 20 4 21 7 12 5 30 0 11
73 438 p5 30 6 20 7 13 5 35 9 27 8 17
74 439 p1 25 4 24 2 13 7 36 3 34 0 23 5 12 8 22 8 32 1 31 0 31
74 440 p1 14 9 21 7 21 4 21 3 12 3 16 5 28
74 441 p5 14 3 12 11 31 5 27 3 21 3 24 8 36 3 16
74 442 p2 31 6 15 1 24 1 21 7 40 6 28
74 443 p5 31 3 29 8 33 7 37 4 25 2 13 9 28 8 14 3 26
74 444 p3 31 9 38 5 24 4 23 6 38 0 22 8 16 4 32 5 14
74 445 p4 31 5 19 3 26 4 13 3 16 0 14 7 31 6 19 4 26 6 24
74 446 p5 27 7 25 1 25 0 30 5 40 1 30 3 36 1 31 9 21
74 447 p4 16 5 18 10 26 7 18 0 28 6 37 5 20 6 38 8 17 0 31 7 29 6 26
74 448 p1 37 4 32 4 20 4 24 9 31 7 36 4 25 11 40 5 12 6 37 1 36 4 13
75 449 p5 23 3 17 6 25 2 17 3 32 4 16 0 28 1 29 7 38 11 28 1 36 2 15
75 450 p4 21 11 38 7 31 0 31 0 11 0 16 2 22
75 451 p5 40 8 23 6 17 5 28 8 13 11 25
75 452 p3 32 6 16 6 32 5 18 6 30 2 26
76 453 p1 35 8 21 2 32 11 33 1 40 1 26 1 20
76 454 p3 13 3 35 3 15 7 21 11 40 9 33 3 23 3 22 10 27 3 31 8 20
76 455 p2 11 6 13 10 21 8 39 2 22 8 30 6 28 10 24
76 456 p5 29 1 15 3 34 1 40 8 34 10 35 7 16 4 28
76 457 p5 35 5 22 4 37 1 28 11 19 9 24
77 458 p2 27 0 19 1 37 10 28 6 31 3 36 10 31 1 35 0 33
77 459 p5 17 2 12 1 39 11 16 1 20 7 31
77 460 p5 18 8 24 10 19 3 36 10 26 0 34
77 461 p3 22 1 15 2 15 4 20 6 38 0 31 9 28
77 462 p4 32 2 20 6 30 8 25 3 36 6 27
77 463 p2 26 7 38 8 11 6 15 2 35 6 18 7 24 10 35 3 18 6 21 8 18
78 464 p4 29 6 26 9 13 0 38 10 22 3 34 6 40 7 20 0 34 9 22 3 36 6 18
78 465 p3 17 3 35 11 14 1 27 7 15 4 20
78 466 p4 37 11 14 3 23 2 37 3 36 5 32 0 32 10 34
79 467 p2 22 11 17 6 12 5 25 11 20 5 39 3 23
79 468 p2 18 5 26 3 14 1 23 5 28 3 13 5 36 11 19 7 36
79 469 p2 33 8 21 3 35 1 23 6 31 7 33 0 13 3 24 2 19
79 470 p1 18 10 22 1 22 10 35 1 11 8 13 8 14 5 13 0 22
79 471 p4 28 2 15 3 36 5 14 7 39 2 30 9 18 8 16 3 13 0 27
79 472 p2 27 3 37 3 18 0 31 0 36 5 38 2 30
79 473 p5 39 5 32 10 32 3 21 6 39 11 32 3 33
79 474 p5 33 1 36 0 16 5 24 4 33 8 26 3 20 2 27 2 33 4 25
79 475 p2 22 3 32 9 40 1 33 2 21 6 32 7 20 3 19 8 19 4 16 7 40
79 476 p3 21 0 13 10 26 10 19 0 17 1 37 5 21 0 36 5 33 11 25 4 22 5 19
80 477 p5 16 3 16 10 17 5 32 2 37 11 20 3 31 1 27 7 21
81 478 p2 27 4 13 10 19 2 23 5 16 3 18 8 17 0 22 7 31 1 26 1 22 3 33
81 479 p5 14 8 17 7 13 5 35 2 13 3 36 0 14 11 13 10 40
81 480 p3 32 10 38 6 33 11 39 6 37 2 32 8 37
81 481 p5 29 3 39 11 40 7 13 5 35 6 22 10 28 2 14 5 33 11 19 7 13
81 482 p3 28 5 14 1 24 7 33 2 37 7 32
81 483 p2 12 7 26 0 38 5 36 5 32 10 12 0 11 8 24 2 25
81 484 p2 34 8 28 3 37 1 14 9 14 4 36
82 485 p1 16 3 24 5 39 6 31 3 34 0 25 1 38 7 19 4 38 8 15
82 486 p5 38 3 16 2 32 4 16 6 40 8 23 1 25 3 39 6 16 8 26 3 23
82 487 p4 36 9 13 4 17 4 32 5 11 5 39 10 38 7 28 0 12 1 21 6 34 3 11
82 488 p5 15 1 17 4 24 1 36 2 32 4 21 7 24 9 22 6 20 5 20
82 489 p1 39 2 38 2 16 2 23 8 23 0 33 4 36
82 490 p1 17 7 25 10 11 6 16 7 20 7 33 5 27 1 15 8 23
82 491 p4 32 1 17 7 23 8 21 7 33 4 15 9 21 1 16 0 29 4 36
82 492 p4 31 1 33 5 36 1 30 0 17 5 39
83 493 p4 38 4 19 6 20 4 34 8 34 9 26 6 13 0 19 7 39 6 19
83 494 p2 37 0 18 10 24 10 13 6 23 8 14 3 13
83 495 p3 34 5 14 2 27 3 19 6 22 10 23 6 37
83 496 p1 35 9 26 5 19 2 31 2 17 1 37 5 23 7 16 3 29
83 497 p3 14 11 11 3 20 2 29 7 27 2 26
83 498 p3 34 5 36 10 38 8 12 11 30 7 32 5 13 11 40 7 20
83 499 p3 13 6 13 7 40 7 12 7 16 4 39 8 30 1 35 3 29 11 27
