0 0 p2 19 12 18 2 17 14 17 19 5 2 5 5 18 4 19 2 14 18 20
0 1 p1 9 2 13 18 14 16 17 18 5 11 20 10 10
0 2 p4 20 2 9 2 16 4 20 1 2 11 2 14 2 3 13 17 18 14 12 18 20
0 3 p4 9 18 15 9 4 1 9 12 3 17 14 10 5
0 4 p3 2 19 20 6 2 13 13 6 7 6 10 9 10 1 18 20 20 15 20
0 5 p3 1 10 11 7 1 5 17 17 14 2 15 20 13 2 3 15 15
1 6 p4 20 9 8 9 16 8 2 7 14 19 16 7 3 5 9
1 7 p4 6 2 10 16 7 7 6 1 2 6 19 17 6 1 12 12 16
2 8 p2 17 17 7 5 6 12 11 14 5 4 7 17 20
2 9 p5 15 12 9 19 7 7 9 20 5 15 5 8 18 2 13
2 10 p2 5 19 14 17 4 7 2 5 5 10 6 12 16 11 6 15 2
2 11 p1 18 16 9 19 5 16 2 20 20
2 12 p5 4 5 1 8 15 18 19 18 2 14 2 13 2 2 9 9 13 11 11
3 13 p4 20 15 16 1 16 20 10 16 12 7 6 2 15
3 14 p4 2 18 17 2 8 16 17 3 13 19 15 8 5 2 7 20 5 2 14 2 5
3 15 p4 10 18 2 7 12 16 9 17 19 9 19
3 16 p1 14 9 10 16 8 1 10 20 13 11 11 11 2 11 11 17 20
3 17 p5 1 19 18 20 3 11 1 1 13
3 18 p5 9 6 8 2 10 5 2 9 20 15 7 16 17 15 4
3 19 p2 10 3 3 4 6 18 2 16 14 13 1 18 19 5 14
3 20 p3 9 11 20 11 16 20 6 12 3 7 14 12 12 10 4 3 3 18 12
3 21 p3 12 6 3 4 20 5 20 20 20 14 8 13 18
3 22 p3 6 10 13 12 17 13 20 15 15
3 23 p5 5 4 7 4 18 5 15 12 1
3 24 p1 14 1 13 16 8 1 16 9 19 12 11 19 6 16 2 5 14
3 25 p5 6 1 20 1 11 5 20 2 4 19 7 14 11 8 14
3 26 p3 6 2 20 14 13 15 8 11 5 2 5
3 27 p1 20 11 20 10 20 15 16 7 4
3 28 p5 20 5 3 13 19 18 13 6 17 7 3 3 16 6 14 12 20 6 5 7 6 14 15
3 29 p5 10 13 6 17 15 17 14 13 20 18 9 12 4 5 6
3 30 p5 15 5 9 11 18 8 13 16 19 4 18 20 8 3 13 7 10 13 16 1 1 3 12
4 31 p2 4 1 14 17 1 14 10 8 2 13 16
4 32 p3 19 6 16 8 3 2 7 5 6 3 12 2 18 16 20 7 13 17 19 7 10
4 33 p1 14 12 20 11 20 5 11 1 18 13 17 16 18 1 19 20 19 1 12 3 6
4 34 p2 1 6 1 3 6 19 9 19 18 15 9 8 7 1 3 20 17 7 5
4 35 p4 18 5 6 19 1 12 16 7 6
4 36 p1 11 6 17 1 16 18 2 11 5 14 19 18 20
4 37 p1 12 9 13 7 20 18 14 13 16 20 15 10 7 2 5
4 38 p4 17 9 12 13 12 15 14 5 6
4 39 p1 10 12 15 5 5 19 9 6 3 18 19 3 12 5 17
4 40 p1 11 13 7 4 14 16 13 2 12
4 41 p4 7 10 12 8 6 20 6 4 7 17 6
4 42 p3 9 19 10 8 6 19 14 6 20 5 18 9 1
4 43 p5 1 14 13 4 19 16 8 12 14 11 18
4 44 p5 17 5 10 10 17 11 20 10 7 8 16 13 11 1 15 14 17 13 8
5 45 p5 7 2 4 14 11 1 2 8 20 11 19 4 7
5 46 p1 15 8 10 9 12 15 9 10 10 3 16 6 12 14 6 12 16 15 6
5 47 p1 9 20 12 19 1 3 20 1 11 4 16 17 5
5 48 p3 10 10 15 7 7 14 11 7 1 19 20 11 19 2 3
6 49 p1 2 7 16 4 14 14 14 2 2 18 13 2 10 4 18 4 15
6 50 p3 3 5 8 12 9 14 11 10 16 7 19 10 6 13 20 11 16
6 51 p3 20 19 7 17 6 17 7 16 1 17 17 3 10 6 8 6 8 13 5
6 52 p4 3 4 5 13 6 10 8 10 9
6 53 p1 4 13 8 2 8 13 19 7 14 16 20 12 19
6 54 p4 11 10 12 16 1 15 11 2 18 8 18 4 1 2 9
6 55 p3 16 6 4 3 19 10 18 19 1 18 18 8 17 6 11 16 4
6 56 p2 7 17 1 4 20 11 3 9 16 3 6 2 6 14 18 15 20 16 9 5 2 9 12
6 57 p5 6 1 4 17 1 3 20 8 8 6 20 17 14
6 58 p5 20 19 19 9 16 4 18 14 9 3 12 13 4 6 15 1 1 1 5
6 59 p5 5 4 6 12 8 4 9 8 12 20 13 16 15
6 60 p3 2 12 12 3 19 13 9 7 19 4 6 19 5 16 14 6 16 16 19 20 8
6 61 p4 3 7 5 10 17 16 20 3 8
6 62 p3 15 14 3 9 4 15 11 3 18 14 19 11 5 3 17 6 15 10 13 20 11 19 1
6 63 p1 4 5 3 12 1 16 12 18 9
7 64 p5 13 8 12 13 1 1 19 4 11 15 8
7 65 p3 16 8 5 4 7 3 20 8 12 7 15 16 10 6 1
7 66 p1 3 14 19 9 3 4 13 8 4 13 11 5 11 1 9 10 5 19 14 9 18
7 67 p1 11 3 8 8 17 11 8 9 19
7 68 p5 14 3 17 20 17 14 9 19 17 4 11 12 1 9 5 4 19
7 69 p3 20 14 12 15 7 9 13 11 16 5 6
7 70 p4 3 10 4 10 7 15 18 14 14 7 16 8 15 9 16 8 11 20 6 17 1 9 4
7 71 p3 17 9 18 10 16 1 7 19 6 3 2 10 6 14 14 9 11
7 72 p1 1 9 11 7 7 3 6 15 17 10 10 2 6 2 5
8 73 p2 10 17 3 15 20 10 1 7 11 4 4 12 20 14 13 20 6 20 10
8 74 p1 11 14 7 12 12 3 13 19 15 16 20 13 11 3 20 18 19 12 9 4 7 10 4
8 75 p1 12 8 11 7 1 3 5 7 20 13 3 4 15 2 4 11 14 7 11
8 76 p4 4 14 15 7 18 9 20 9 16 9 17 2 10 8 7 18 18 20 2
8 77 p2 1 20 13 16 16 8 16 5 19 8 19
9 78 p2 8 17 15 9 10 5 4 13 4 19 6
9 79 p2 3 7 12 10 7 8 9 7 13 14 1 20 10 18 9
9 80 p2 4 7 6 17 16 11 5 18 9 6 15 9 17 20 14 18 17 1 19 3 6
9 81 p2 4 2 4 9 18 4 17 1 5
9 82 p3 19 2 16 16 7 7 14 1 16 4 7 17 15 17 4 16 20 16 17 1 15
9 83 p4 16 3 4 9 1 15 14 4 17 14 10 7 8 20 9 3 18 17 9 18 18
9 84 p2 2 17 9 3 17 5 20 12 10 19 17 10 15 4 3 14 10 3 1 11 3 11 3
9 85 p2 3 15 18 16 7 19 10 8 14 2 12
9 86 p2 12 18 12 6 2 6 3 11 15 11 8 11 10 15 8
9 87 p5 6 12 19 14 15 18 19 14 18 5 19
9 88 p2 15 6 9 7 19 3 10 14 11 5 16 2 8 19 2 19 17 10 5 9 11
9 89 p2 17 19 5 2 18 2 2 1 18 15 2 3 12 2 9 6 18 14 12 10 8 12 8
9 90 p4 15 13 1 14 10 20 13 14 12
9 91 p2 3 5 12 16 14 19 1 2 19 12 3 1 15
9 92 p2 14 3 15 7 10 7 19 11 3 8 7 19 6 17 17 19 7 11 14 16 3
9 93 p4 4 2 16 9 12 3 16 5 4 12 5 16 7 4 10
9 94 p5 12 13 7 15 2 9 10 17 10 2 11 3 19 12 12 10 14
9 95 p5 7 6 3 9 2 20 11 11 13 9 19 16 16 5 19 3 12 16 9
10 96 p4 14 8 19 5 16 9 15 20 14 8 18
10 97 p3 19 9 12 12 18 16 8 2 6 6 17 20 10 4 18 3 9
10 98 p3 20 5 1 9 4 3 18 5 11
10 99 p4 7 8 9 1 2 13 16 12 20 10 14 4 16 7 16 1 3 11 5 16 15 20 13
10 100 p2 12 3 1 14 7 18 17 5 16 20 1 6 5
10 101 p1 20 13 9 8 14 11 18 14 17 7 4 1 19 5 2 18 13 17 14 5 1 14 17
10 102 p4 18 4 1 5 4 10 5 20 20 18 17 1 6 6 14
10 103 p4 19 5 8 2 20 5 5 16 15 6 16 1 15 3 9 17 2 6 10 13 2
11 104 p3 8 3 1 12 11 14 12 9 17 20 16
11 105 p3 13 14 17 8 6 2 10 8 19 11 14 8 17 10 4 18 10 2 12
11 106 p4 11 6 9 16 14 19 5 9 17 15 10 1 11 5 3 9 16
11 107 p4 12 2 8 14 14 7 16 10 17
11 108 p2 14 8 8 3 15 11 4 16 7 18 3 17 10 3 13 4 16 7 11
11 109 p5 19 13 18 8 5 20 5 1 9
11 110 p2 12 19 16 17 14 3 9 9 17 3 3 7 20 8 12 5 2 13 4
11 111 p1 10 10 7 1 4 12 16 8 7 10 17 9 3
11 112 p5 10 16 5 7 4 14 19 10 13 2 16 12 8 10 13
11 113 p4 20 2 14 8 1 18 19 1 10
11 114 p4 16 12 2 14 1 12 13 20 3 15 7 8 19 16 20 2 8
11 115 p4 2 6 8 2 2 8 17 18 19 12 18 19 15 12 8
11 116 p1 10 2 11 7 18 8 11 17 19
12 117 p5 19 5 20 4 11 13 19 17 8 18 16 16 18 19 11
12 118 p5 17 2 10 19 4 8 6 11 5 13 13 19 19 19 9 19 8 3 1 9 5
12 119 p2 13 3 12 3 13 11 16 7 9 7 4 11 10 13 18
12 120 p3 3 1 16 11 1 2 5 12 12 16 15 10 18 12 5
12 121 p3 5 9 20 15 18 9 2 16 11 18 19 7 17
12 122 p3 3 16 11 10 12 16 12 15 11 17 5 13 9 3 15 7 16 17 20 15 19
12 123 p5 2 3 8 19 11 4 2 5 17 11 16 5 14
13 124 p1 2 2 2 18 5 20 9 17 19 14 12 20 16 14 3
13 125 p5 18 10 3 3 12 4 1 10 3 20 6 4 2 13 20 4 1 5 9
13 126 p3 17 5 3 8 7 7 16 18 2 5 14 4 8 17 10 3 5 16 16 14 20
13 127 p1 4 8 19 6 15 16 19 7 2 19 13
13 128 p5 18 13 3 20 13 12 16 12 15 18 14 3 4 17 7 19 14 1 3 11 12 12 13
13 129 p5 17 4 13 16 1 4 9 6 12 5 16 9 17 3 12 12 14 14 3
13 130 p5 7 20 11 9 9 17 3 10 12 15 5 13 10 16 13 1 7 17 8 5 15 14 7
14 131 p2 19 18 2 19 14 13 20 7 8 13 7 10 19 19 19
14 132 p3 19 9 3 5 7 5 11 7 10 6 5 13 17
14 133 p1 2 14 3 2 17 11 15 20 15 8 8 19 4 17 17 18 10 10 11
14 134 p2 6 14 4 5 18 16 15 18 4
14 135 p4 6 13 14 5 4 11 2 11 7 6 17 11 17 1 20 5 6 19 5 7 7 18 14
14 136 p1 10 3 9 9 6 13 11 5 6 16 18 18 11 13 1 18 6 3 1
14 137 p1 5 2 9 6 15 9 14 16 6 6 17 18 15 17 19
14 138 p4 1 11 2 20 20 13 13 20 13
14 139 p1 7 6 19 3 5 15 3 17 18 9 20 18 1 14 2 18 9 18 7
14 140 p1 19 18 12 8 14 3 20 12 7 4 15
14 141 p4 14 9 20 10 17 11 13 7 18 14 7
14 142 p3 6 4 20 9 9 18 7 16 16 13 19 8 3 11 9 6 13
14 143 p5 8 7 14 13 4 8 1 8 11 10 2 12 15 14 1 2 12 9 15 19 17 1 8
14 144 p5 14 9 13 17 9 12 16 9 14 12 17 5 14 8 6
14 145 p5 16 12 4 8 14 7 8 10 12 9 2 3 2 1 16 8 10 8 15 6 14
14 146 p1 15 1 14 5 6 1 9 9 5 19 7 15 3 7 20 20 10 1 12
15 147 p1 13 10 13 4 14 6 2 17 12 12 1
15 148 p3 14 11 5 3 6 10 19 14 1 10 8 1 6
16 149 p1 4 14 17 17 8 20 19 4 18 19 7 3 6 11 19 9 15 11 8
16 150 p3 15 8 11 20 1 11 20 14 7 17 5 1 12 2 16 1 20 3 6 7 9
16 151 p3 1 10 20 1 9 13 6 17 10 16 12 19 16
16 152 p4 12 6 5 4 4 12 13 9 10 6 1 13 1 19 13 8 3 19 9
16 153 p1 8 13 4 3 14 10 8 5 6 6 8 7 6 19 15 1 20 16 7
16 154 p4 5 19 14 1 18 20 5 5 9
16 155 p3 14 14 16 17 2 11 1 11 15 19 2
16 156 p2 15 12 5 7 18 3 1 20 4 1 7 9 5
16 157 p5 16 6 8 10 2 12 13 16 1 18 2 20 2
16 158 p5 3 7 14 12 7 7 4 12 20 1 1 13 12
16 159 p5 4 13 5 17 8 7 14 5 12 16 18 3 8 18 15 10 17 1 15 5 20 1 8
17 160 p3 19 20 11 1 12 20 3 18 5 17 13 7 12
17 161 p4 6 3 16 19 14 6 16 6 14 4 14 12 9 19 3 6 7 7 14
17 162 p3 19 12 12 8 6 1 9 17 20 15 9 15 20 3 16 13 3
17 163 p1 3 14 16 13 19 13 12 1 12 12 11
17 164 p5 13 7 14 2 9 13 3 2 3 15 15 4 1 13 5 15 3 9 2 3 2 7 2
17 165 p3 8 6 13 7 2 19 8 6 6 6 1
17 166 p1 13 19 3 18 5 3 2 16 19 20 9 15 8 11 7 1 4
17 167 p1 16 10 18 9 7 18 6 16 5 2 18 13 18 9 17 3 19 6 18 15 12 12 5
17 168 p5 7 3 4 17 1 2 19 9 14 6 3 3 14 6 8 3 3 20 17 14 4
17 169 p3 16 2 18 10 4 14 14 13 12
18 170 p4 15 15 19 15 2 1 13 15 10
18 171 p3 8 10 3 9 12 6 13 9 20
18 172 p1 13 14 4 2 19 4 20 2 19 4 2
18 173 p2 20 16 5 9 2 2 11 15 11 3 16 20 12 13 7 13 2
18 174 p1 15 18 14 13 1 4 11 17 6 7 12 16 2
18 175 p1 15 14 9 2 14 15 19 8 11 2 15 18 15 6 15 20 4 15 19 16 16 20 6
19 176 p4 10 18 17 5 2 12 2 3 12 19 14 15 18 17 17 18 10
19 177 p2 4 8 12 5 19 15 10 12 1 20 18
19 178 p2 4 1 10 20 6 20 8 20 9 18 7 10 9
19 179 p2 1 13 12 19 20 16 2 18 12 2 9 1 2 6 2 20 11 3 11 16 3 16 16
19 180 p2 2 14 12 18 17 7 2 17 1 6 15 12 19 14 7 10 15
20 181 p2 5 14 5 15 1 20 11 16 10
20 182 p3 9 20 12 4 9 9 13 16 3 10 14 7 16 17 13 18 19 13 2
20 183 p4 19 2 17 11 18 14 5 4 9 10 7 2 7 14 14 18 16 18 14 5 13 1 12
20 184 p2 20 1 15 15 5 20 4 2 16 10 3 6 15 4 18
20 185 p2 1 16 20 18 7 1 1 16 19 12 2 4 11 20 7 12 2 5 6
20 186 p2 5 6 19 19 12 1 13 12 20 1 2 20 16 16 16
20 187 p5 13 18 13 8 7 3 4 10 19 1 5 14 14 5 10 3 10 2 9
21 188 p2 9 15 17 17 17 20 2 2 8 16 16 1 2
21 189 p2 9 7 9 10 19 13 11 15 11
21 190 p4 10 18 4 2 1 12 18 9 11 3 17 2 3 13 3 8 20 5 13 7 18
21 191 p2 16 10 10 12 14 1 7 9 5
21 192 p2 2 8 4 17 16 17 13 4 6 10 8 16 14 2 18 12 5 15 5 6 5
22 193 p4 7 15 11 16 12 6 1 13 15 11 3 11 14
22 194 p5 18 10 11 20 8 19 9 10 15 20 6 17 3 10 7
22 195 p5 12 18 5 5 13 19 5 6 17 11 18 1 1
22 196 p4 2 13 9 17 9 9 11 3 20 2 9 17 17 2 5 14 13 15 3 18 5 16 15
22 197 p3 18 5 10 9 1 7 11 13 3 4 13 20 10 12 3 15 16 17 15 14 1 11 7
22 198 p3 8 20 6 9 14 12 19 12 19 10 14 9 10 4 12 5 3 18 10
22 199 p4 10 6 9 20 6 8 2 9 16 2 4 12 7
22 200 p2 14 9 7 11 15 4 11 7 2 3 19 17 19
23 201 p1 11 15 5 19 12 2 9 6 9 18 1 16 2 16 14
23 202 p4 2 2 18 16 17 15 9 9 1 7 14
23 203 p4 7 3 6 5 20 1 7 20 18 3 16 15 15 5 18 15 15 9 18
23 204 p3 6 3 10 18 4 14 2 4 16 11 1 13 6 3 16 2 16 7 9 7 12
23 205 p3 13 13 18 4 18 18 12 11 9 8 19 3 5 4 10 1 10 9 13
23 206 p4 13 19 19 15 4 4 13 20 7 4 20 14 17
23 207 p4 18 20 10 5 7 16 17 12 3 2 5 4 10 8 13 11 10 17 17 14 14
23 208 p2 9 9 8 1 4 15 3 13 2 18 15
23 209 p5 10 12 16 16 17 8 15 8 5 5 15 2 11 8 12
23 210 p2 16 18 13 14 10 18 4 6 16 18 20
23 211 p1 7 18 14 1 2 8 14 5 1 16 17 10 6
23 212 p5 18 1 11 17 20 8 14 19 19 16 18 3 7 16 7 17 7 11 7 13 18 11 1
23 213 p4 3 7 5 19 20 7 10 18 18
23 214 p4 7 10 3 10 19 11 16 12 20 15 13 4 13 17 9 12 15 13 20 8 1
23 215 p4 17 14 18 13 16 18 9 20 8 13 8 15 16 5 6 5 16 1 16 10 15 7 16
23 216 p1 13 8 4 6 15 1 18 14 9
23 217 p5 17 16 3 4 20 14 18 20 13 2 13 4 12 1 16 9 13 9 6 9 14
23 218 p5 9 7 14 9 16 11 3 15 9 3 17 11 2
23 219 p2 19 3 11 15 11 2 2 3 20 9 13 10 6 14 8
24 220 p3 19 1 5 13 2 20 7 9 12 16 15 12 1
24 221 p3 6 12 20 13 4 20 17 3 20 4 2
24 222 p3 19 19 7 17 19 4 3 10 18 10 14 7 2 6 12 9 1 13 10 20 12 3 4
25 223 p5 2 16 8 1 18 1 9 15 14 11 17 15 10 20 12 14 14 6 1
25 224 p1 12 2 1 20 5 1 11 8 14 3 18 7 11 19 1 16 18 7 6 1 12 14 14
25 225 p5 16 6 6 16 18 1 1 4 6 18 15 10 4 9 15 20 13 11 9 8 18 6 14
25 226 p3 16 19 9 10 19 15 7 7 8 8 4
25 227 p1 9 10 7 8 6 10 18 14 4
25 228 p5 16 13 19 14 3 13 5 10 18 9 11 4 19 13 16 5 15 5 16 11 8 1 11
25 229 p5 2 1 18 12 5 18 13 17 2 11 12
25 230 p5 19 16 18 19 12 1 13 13 17 5 16 5 20 3 13 13 20 6 3
25 231 p2 2 3 15 14 14 9 6 11 15 11 12 5 1 6 11 7 3 7 18 2 3 12 18
25 232 p3 10 2 3 2 20 11 12 14 4 15 10 7 6 17 17 20 8 16 4
26 233 p1 1 18 7 4 10 6 13 10 8
26 234 p2 15 7 6 10 6 20 20 7 16 19 16
26 235 p4 12 6 5 10 15 19 5 17 17 8 11 5 6
26 236 p1 17 15 5 7 5 3 13 1 3
27 237 p1 7 8 8 1 9 1 7 7 9 18 19
27 238 p4 4 11 2 20 2 3 3 5 16
27 239 p1 11 3 18 8 8 5 6 12 15
27 240 p1 20 16 13 1 18 15 11 3 5 6 9 13 3 6 13
27 241 p4 4 19 15 19 1 2 9 15 15 11 1 11 5 13 1 17 14 12 7 5 5
27 242 p3 9 12 20 9 7 4 13 7 20 13 3 17 11 4 14 18 14 3 5
27 243 p5 13 20 4 3 13 11 17 19 3
27 244 p5 14 14 12 19 17 19 20 9 1 18 12 4 14 19 14
27 245 p5 15 12 2 12 10 8 3 1 12 7 17 1 4 18 18
27 246 p1 19 5 13 7 11 14 20 6 5 4 13 7 7 10 17 14 5
27 247 p1 10 14 12 7 13 4 4 20 2 3 11
27 248 p3 12 5 16 2 1 8 10 4 11 9 20 1 13 8 18 18 16 10 16
27 249 p1 4 9 10 17 20 18 19 4 18 9 2 15 1 4 10 10 3 8 17
27 250 p3 10 8 17 17 14 17 15 9 7 8 20 9 3 4 8
27 251 p3 10 2 3 1 3 5 2 20 7
27 252 p4 11 10 7 14 6 17 14 13 16 14 3 19 5
27 253 p1 4 5 8 12 6 10 1 3 11 11 8
27 254 p4 17 4 12 18 2 17 3 15 16 5 20 5 7 15 9
28 255 p3 11 18 10 19 19 6 9 9 1 5 2 8 10
28 256 p2 7 13 7 1 17 9 14 20 9
28 257 p5 5 13 18 13 7 3 15 12 19 6 12
29 258 p5 17 14 2 2 3 3 19 19 2 7 19 18 12 1 8 5 14 8 19
29 259 p5 17 10 18 6 9 20 2 13 18 7 9 4 13 4 7
29 260 p3 8 17 4 20 4 4 7 1 2 8 16 9 9
29 261 p4 9 10 5 16 1 1 12 12 19 7 2
29 262 p3 5 12 2 5 1 2 12 9 2 19 16 20 12 14 17
29 263 p1 9 1 10 17 17 11 3 4 2
29 264 p5 6 19 17 1 20 17 13 8 1 6 4
29 265 p3 20 15 7 19 13 5 6 10 15 10 7 1 5
29 266 p1 9 14 4 1 17 3 19 20 9 1 3 9 14
29 267 p1 9 11 3 15 19 10 12 5 8 18 1 19 9 7 6 2 10 1 11 6 16
29 268 p5 10 8 8 13 7 12 8 5 14 6 4 18 18 1 15 4 11 14 9 1 9 20 12
29 269 p3 10 18 6 1 2 14 9 11 19 7 3 11 8 7 12 5 16 3 10 2 17
29 270 p4 19 2 4 19 3 10 14 15 20 14 2 2 10 18 4
29 271 p3 14 19 3 13 14 4 6 9 10
29 272 p1 17 1 11 8 3 15 15 5 6 5 6 6 16 5 19
29 273 p2 3 17 16 9 19 11 15 14 5 4 3 5 12 17 2 19 18
29 274 p1 19 6 5 2 10 6 1 15 13 11 6 16 3
29 275 p1 10 6 12 1 20 20 13 7 9 16 13 4 16 16 11 2 5
30 276 p4 15 6 17 18 11 18 12 18 15 16 2 5 4 3 16 15 6
30 277 p2 17 5 2 10 13 10 15 20 3 2 9 2 20 5 5 3 12 17 4 17 13
30 278 p2 8 18 14 6 5 12 16 14 7 19 1 19 6 5 20 3 18 11 17 17 2 15 6
30 279 p2 6 2 8 13 5 8 1 3 9 4 8 20 19 7 4 8 18
30 280 p2 16 12 2 19 11 8 1 14 20 9 13 1 17
30 281 p2 9 8 8 15 13 5 11 11 18 12 9 9 16 7 2 11 3 5 5 13 9 6 10
30 282 p3 18 20 20 2 12 16 5 10 17 12 10 8 4 6 18 11 18 12 13 4 4 4 13
30 283 p4 15 20 15 11 15 19 1 3 19
30 284 p2 11 11 10 11 17 20 3 7 9 20 5 19 6 3 2 3 2
30 285 p2 6 12 4 18 1 16 11 15 5
30 286 p2 14 18 14 7 19 11 19 15 19 13 6 16 19 12 19
30 287 p5 11 1 6 12 19 1 17 4 14 5 9 16 3 11 12
30 288 p2 14 10 7 5 10 9 19 6 20 18 3 8 1 6 2
30 289 p2 7 14 13 18 17 1 5 19 18 11 13 11 5 18 10
30 290 p4 14 12 8 7 20 1 18 15 19 16 13 9 16 9 1 11 1 8 16
30 291 p2 15 3 5 8 4 6 19 11 11 19 17 20 8 1 5 6 2 9 14
30 292 p2 20 2 19 16 20 17 12 3 10 14 20 9 7 17 8 9 1
31 293 p4 15 16 5 19 2 3 20 8 8 2 15 13 18 7 19 5 6
31 294 p5 6 7 11 13 4 9 8 1 20 10 7 8 10 10 1 9 1 11 9 10 13 9 4
31 295 p5 6 13 9 15 17 19 9 10 17 11 2 16 5 16 13 17 9 5 8
31 296 p4 19 19 16 12 5 15 7 18 20 14 3 8 20 18 19 9 16 14 19 13 18
31 297 p3 6 13 20 16 19 18 19 2 17
31 298 p3 5 11 14 8 4 8 1 3 11 19 15
32 299 p4 6 4 14 14 19 9 5 15 4 2 20 6 14 18 9 13 2
32 300 p2 11 3 6 10 16 11 11 19 6 3 17
32 301 p1 1 8 17 2 2 1 2 10 11 4 10 19 19 18 5 1 9 10 1 15 6
32 302 p4 17 18 3 7 18 16 13 16 5 4 14 4 6 6 5
32 303 p4 2 10 16 18 20 17 14 7 5 17 15 1 11 20 16 9 8 4 10 8 2
32 304 p3 12 3 1 10 7 19 20 2 9 8 7 17 18 9 3 16 5 10 3
32 305 p3 7 7 20 3 2 9 5 8 4 18 18 4 4
32 306 p4 18 10 18 4 3 17 12 8 7 3 2 9 15 19 14 8 2 15 13 8 7 9 18
32 307 p4 4 3 11 13 4 5 5 19 3 11 17 2 1 13 2 5 11
32 308 p2 2 7 10 7 17 5 11 19 17 12 7 7 3 3 19 18 10 17 16
32 309 p5 12 10 18 5 1 3 10 4 16 13 15 14 12
32 310 p2 12 11 20 4 6 14 6 10 10
32 311 p1 14 17 5 1 7 17 19 20 10 3 20 18 19
32 312 p5 18 19 9 1 5 1 10 13 20 15 20 20 20
32 313 p4 2 10 20 4 13 1 8 8 19 5 7 6 13
32 314 p4 6 13 1 11 20 15 11 19 15 6 11 15 9
32 315 p4 7 16 16 10 20 12 13 7 6 6 2 20 19 7 7 8 14
32 316 p1 7 6 5 5 19 1 19 4 13
33 317 p5 18 17 5 8 3 20 13 8 13
33 318 p5 4 1 14 20 8 11 1 12 3 3 4 8 18
33 319 p2 20 20 5 12 20 8 18 13 16 8 12 6 16 14 12 18 16
33 320 p3 11 8 17 10 13 13 4 8 5 1 11 17 12 2 19 19 15
33 321 p3 10 15 15 14 9 12 6 7 4 18 16 17 14 10 15 1 19 3 5 20 11
33 322 p3 16 2 8 8 15 11 19 8 12 10 6 8 16 4 4
33 323 p5 1 3 16 13 13 8 13 11 5 3 19 12 2 5 3 6 9 13 12
33 324 p1 6 13 11 11 16 5 20 19 2 7 14 7 7 13 17
33 325 p5 16 15 20 17 8 16 8 5 3 20 10 13 13 8 2 9 12 18 7
33 326 p3 9 2 16 19 6 6 3 20 11 7 11 11 11 8 8 2 15 12 9 17 17 20 9
33 327 p1 14 2 6 1 1 1 15 3 20 5 11 10 20 3 13 11 7 11 3 12 7
33 328 p5 9 4 7 4 16 18 6 16 13
33 329 p5 16 2 6 20 5 9 4 20 8 8 9 14 19 17 16 1 4 5 20 2 11
33 330 p5 5 6 11 1 19 5 20 11 16 9 9 17 8 7 5 13 9 6 6 3 1
33 331 p2 11 5 5 14 11 3 8 18 11 10 15 20 5 16 15 19 9 11 10 8 13 20 9
33 332 p3 4 3 17 7 7 1 8 3 20 15 20 19 11 13 10 3 1 20 16
33 333 p1 4 11 10 9 16 20 4 14 17 19 6 8 9 9 11
33 334 p2 6 9 14 12 4 17 3 6 19
33 335 p4 18 14 15 1 5 17 1 7 1 5 9 13 7 9 15 5 1
34 336 p1 2 18 8 1 17 9 7 11 14 2 19 19 20 6 11 18 7 13 5
34 337 p1 12 9 18 16 9 6 12 1 18
34 338 p4 18 3 16 3 9 16 3 12 6 12 10
34 339 p1 11 1 6 4 14 19 12 19 4
34 340 p1 9 5 13 10 20 8 12 1 2 12 6 8 16 5 20 8 2 2 14
34 341 p4 2 2 19 1 18 11 15 18 5 15 14
34 342 p3 20 14 5 5 18 10 12 8 8 18 14 3 17 16 8 13 11 5 14 13 6 15 4
34 343 p5 19 2 7 14 5 13 1 17 8 8 3 19 14 4 5 2 4
34 344 p5 3 4 4 18 15 2 2 4 10 15 12 6 6 12 5 4 13 11 14 17 3
34 345 p5 16 8 4 8 10 3 2 20 9 3 10 14 17 14 3
34 346 p1 20 3 15 7 15 4 18 1 5 1 2 10 10 2 12 6 9 12 1 5 5
34 347 p1 8 12 16 10 11 2 9 18 5 2 7 19 16 1 12 8 10 10 15
34 348 p3 10 12 5 18 13 19 3 11 13 14 12 5 18
34 349 p1 16 5 6 6 9 19 15 14 11 5 20 14 2 3 11 12 7 8 20
34 350 p3 3 10 7 5 11 6 16 6 14 9 7 10 14
34 351 p3 6 8 12 9 13 11 13 13 2 10 15 4 11 2 15 2 15 17 13 20 19
34 352 p4 5 20 16 19 9 8 17 17 16 19 10 9 9 19 17
34 353 p1 6 1 18 11 20 3 6 7 6
35 354 p4 3 17 4 16 10 10 4 9 13 5 8 18 8 10 12 3 1 1 1 17 10
35 355 p3 6 19 16 8 19 3 1 17 5 16 6 12 17 18 2
36 356 p2 14 16 4 19 2 1 11 8 1 1 9 9 12 20 16 6 5 8 17 10 11
36 357 p5 6 17 14 1 7 15 18 16 1 11 11 6 6 16 4 10 16 20 14 5 15
36 358 p5 9 16 16 13 15 9 8 16 16 14 15
36 359 p5 12 16 17 20 3 12 12 1 13 15 17 6 9 7 16 6 6 15 9 15 9
36 360 p3 3 4 4 12 1 15 16 8 4 19 11
36 361 p4 6 1 18 15 6 11 2 14 13
36 362 p3 6 17 14 14 1 16 6 9 20 4 12 14 15 12 8 15 2
36 363 p1 17 7 19 4 19 1 11 20 14 12 8 6 14 1 4 5 15
37 364 p5 5 15 6 1 14 15 16 2 8 18 4 20 18 15 2 5 7 8 9 12 14 6 14
37 365 p3 1 11 13 9 13 7 2 3 8 7 5 4 4 4 1 11 6
37 366 p1 4 17 7 18 13 13 4 18 8 19 1 1 9 15 5 10 2 15 12 18 7 14 8
37 367 p1 20 7 7 10 17 17 2 12 12 20 14 16 4 16 10 13 18 14 7 7 5 6 20
37 368 p5 7 15 8 13 16 6 11 7 1 17 3 15 4 2 20
37 369 p3 17 9 6 14 14 9 3 11 6 9 9 15 13 8 17 5 8 12 9
37 370 p4 2 2 12 6 11 1 11 20 19 7 16
37 371 p3 15 3 13 12 11 18 15 12 18 12 2 1 3 17 12
37 372 p1 15 3 17 19 15 4 18 9 12
37 373 p2 17 10 2 14 8 8 1 6 4
38 374 p1 11 6 9 11 4 14 9 1 17 1 12 5 3 16 5 1 2
38 375 p1 10 15 2 3 16 9 2 11 8
38 376 p4 14 3 10 14 5 9 7 13 2 6 3 5 14 15 17 2 7 2 15
38 377 p2 18 2 10 5 3 1 4 4 13 7 9
38 378 p2 20 4 11 7 14 7 20 6 8 12 11 8 12 4 8
38 379 p2 14 11 9 17 10 5 2 18 6 14 14 17 12 8 1
38 380 p2 19 5 16 17 14 7 10 3 19 2 4 2 18 19 6 15 19
38 381 p2 7 7 19 16 20 10 16 7 7 3 6 10 5
38 382 p3 15 20 4 12 2 8 12 11 7 3 18 8 17 9 17 6 12
39 383 p4 17 1 9 18 19 8 14 12 10
39 384 p2 16 9 1 1 7 15 17 10 5 9 4 7 17 9 18
39 385 p2 8 11 5 5 11 6 18 3 19 10 1 17 14 12 14 9 17 5 1
39 386 p2 3 7 14 2 18 8 2 6 10 1 10 19 6 6 19
39 387 p5 2 10 3 20 8 6 6 13 12 18 5 9 10 16 16 9 5 3 20 1 1 12 13
39 388 p2 1 3 18 19 17 2 5 14 3 18 20
39 389 p2 4 19 5 13 17 12 8 14 15 4 3 7 3 8 8 2 8 18 17 15 12 5 5
39 390 p4 16 20 4 13 2 14 9 8 19 10 4 18 1 12 7
39 391 p2 2 9 8 7 16 7 17 11 20 18 16 20 1
39 392 p2 4 20 13 17 16 14 8 6 14
39 393 p4 8 4 18 4 18 4 20 13 13 4 8 16 5 18 5 6 17
39 394 p5 10 11 19 19 12 9 16 19 2 5 12 4 15
39 395 p5 12 20 6 18 11 17 6 9 3
39 396 p4 20 11 17 17 18 16 17 7 6 1 13 8 3 15 2 10 3
39 397 p3 15 14 20 7 18 2 16 19 18 10 15 2 19 14 10 16 18 13 1 18 6 9 20
39 398 p3 8 4 9 12 2 7 2 12 17 13 6 1 3 10 15 10 17
39 399 p4 19 14 9 8 6 17 17 11 2 18 6 11 8 16 15 8 2 18 12
39 400 p2 6 3 8 20 16 3 15 16 11 9 16 11 16
39 401 p1 19 3 6 10 17 2 5 16 1 16 17
39 402 p4 11 4 15 17 1 13 2 8 19 2 3 18 6 16 10
40 403 p4 5 11 12 4 10 3 5 18 9 13 16 20 1 16 16 1 7 20 7
40 404 p3 13 6 1 8 19 13 4 17 7
40 405 p3 6 5 6 6 12 10 10 19 7
40 406 p4 19 19 11 13 12 7 17 10 19 9 4 8 11 13 20
40 407 p4 14 1 9 4 1 16 19 9 1 6 15 12 8 1 18 13 18 5 13
40 408 p2 12 20 20 12 14 5 3 14 10 19 15
40 409 p5 12 6 20 12 19 15 13 4 4
40 410 p2 19 12 4 9 9 2 2 1 9 19 18 20 7 14 8 4 12 15 3 10 14
40 411 p1 5 4 7 6 8 19 14 20 7 17 10 19 16
40 412 p5 9 18 20 20 10 15 4 9 14 10 16 13 9 8 10 10 5
41 413 p4 5 14 11 18 5 3 16 5 18 8 9 6 5 14 15 13 19 9 19
41 414 p4 16 16 8 19 6 4 6 17 11
41 415 p4 17 9 19 16 6 10 16 2 9
41 416 p1 4 17 15 16 10 5 7 10 17 4 15 5 17 3 19
41 417 p5 19 10 2 5 15 12 10 2 1
41 418 p5 4 14 6 15 7 20 8 19 19
41 419 p2 16 18 14 20 9 14 8 18 11 2 17 17 12 2 6 1 10 14 12
41 420 p3 20 14 3 6 12 18 19 10 13 13 12 14 4 14 13 19 6 6 12 15 1 7 7
41 421 p3 19 19 2 12 19 3 16 13 3 12 12 7 19
41 422 p3 18 8 11 14 10 2 17 1 8
41 423 p5 6 15 11 6 14 18 3 14 4 3 7 13 3 14 7
41 424 p1 4 15 9 11 17 12 9 13 5 19 17
41 425 p5 4 5 2 10 2 9 10 1 7 18 8 20 7 1 12
41 426 p3 9 11 1 20 4 5 15 2 18 14 12 1 7 11 1
41 427 p1 10 10 3 10 10 14 8 4 9 12 10 14 11 18 3
41 428 p5 7 8 16 11 18 17 5 13 20 6 17
41 429 p5 8 5 19 14 1 9 9 3 15 10 3 10 15 11 1 7 15 2 17
41 430 p5 16 6 6 16 4 8 5 12 12 14 1 12 12 7 14 9 7 3 8 2 18
42 431 p2 8 16 10 19 18 5 5 7 17 1 20 3 11 18 7 15 2
42 432 p3 6 5 12 6 20 17 20 5 5 11 6
42 433 p1 17 18 20 1 6 5 1 1 5 10 11 9 5 2 3 8 2 7 14 19 10
43 434 p2 7 18 16 20 2 11 8 13 6 8 8 18 14 19 2 13 19 5 19 1 18 2 10
43 435 p4 16 16 13 16 7 16 14 14 6 2 17 16 16 14 7 19 8 19 7 16 15
43 436 p1 12 1 5 13 7 6 12 7 5 6 20 20 8 15 2
44 437 p1 5 16 16 1 1 5 1 5 12 19 14 20 12
44 438 p4 5 10 17 19 5 20 12 14 8 9 9 11 19 7 19 8 2 4 5 4 15
44 439 p1 12 19 12 19 16 14 14 11 15 12 7 6 9 5 7 14 13 2 2
44 440 p1 17 8 18 13 11 19 18 2 5 13 7 18 2
44 441 p4 16 8 14 20 13 11 16 11 18 7 2 3 4 11 14 20 1 4 1
44 442 p3 14 19 11 18 16 2 7 11 1 1 5
44 443 p5 7 20 20 14 15 8 13 14 12 12 14 2 20 20 4 11 19 6 10
45 444 p5 14 13 2 16 20 9 13 2 16
46 445 p5 4 6 10 6 6 8 18 16 14 7 14 11 18
46 446 p1 18 8 9 16 1 14 11 20 10 7 17 6 10 18 4 5 20
46 447 p1 7 16 13 8 11 1 18 15 18 1 5 10 9
46 448 p3 12 7 20 20 19 19 12 15 11 19 10 2 15
46 449 p1 10 12 17 16 6 4 8 4 4 15 16 9 13 1 15 19 7 1 18 16 17 12 14
46 450 p3 17 6 8 15 14 2 14 4 10 16 17 18 2 18 3 20 12 7 12
46 451 p3 15 4 1 1 8 10 4 7 18 3 9
46 452 p4 2 5 10 16 5 17 11 15 18 17 11 13 14 13 2 5 9 1 4
46 453 p1 7 5 12 19 4 2 11 9 13 6 5 11 4 20 2 5 7 8 14
46 454 p4 8 8 13 13 12 7 14 8 19 16 3 10 3 9 2
46 455 p3 13 20 13 17 9 11 14 18 3 12 1 3 15 1 16 5 10 12 17 4 6
46 456 p2 16 4 15 15 19 11 1 8 12
46 457 p5 5 12 10 16 5 10 14 14 13 15 16 1 8 6 14 9 4 9 17
46 458 p5 7 3 6 19 20 3 2 8 1 2 18 3 4 19 18
46 459 p5 12 14 3 12 15 2 3 5 11 5 9 16 17 17 2 9 17
46 460 p3 20 1 7 17 2 8 14 12 7 3 19 4 8 4 7 4 7 13 1 20 15 1 12
46 461 p4 12 4 8 18 1 8 13 8 4
46 462 p3 15 10 4 18 14 14 20 5 18
46 463 p1 5 20 6 9 5 13 9 1 19
46 464 p5 3 15 8 2 6 9 8 10 4
47 465 p3 19 1 17 8 18 1 11 5 5 4 20 3 17 8 7 6 6 2 13 10 11
47 466 p1 19 3 5 11 15 6 3 4 12 16 10 5 17 16 3 11 2
47 467 p1 16 11 13 16 11 19 15 14 13
47 468 p5 19 10 15 10 5 5 7 19 17 1 8 11 16 1 13 5 8 16 9 2 4
47 469 p3 11 8 10 5 6 18 15 17 9 9 5 8 10 3 2 16 4 18 13 9 4 3 2
48 470 p4 1 6 19 20 8 4 9 16 11 17 9 12 1
48 471 p3 12 16 5 17 20 19 16 10 16 6 17 4 20 13 11 19 16 10 14
48 472 p1 14 14 16 1 15 7 12 15 10 20 6 4 20 8 12 17 19
48 473 p2 1 6 20 10 16 14 10 18 3 9 18 9 4 9 20 20 8
48 474 p1 4 4 17 10 6 16 19 14 10 18 12 3 17 8 15
49 475 p1 6 3 10 13 18 1 3 16 19 10 19 1 10 7 4 12 14 19 12 18 12
49 476 p4 10 10 1 19 12 16 1 14 7 12 12 19 6 8 13 14 17 19 16
49 477 p2 20 5 15 3 9 9 18 20 10 1 2 11 9 2 5
49 478 p2 16 13 12 8 8 3 11 12 6
49 479 p2 7 15 2 17 7 14 13 4 3 11 12 12 3 17 2 3 9 6 7 4 20 10 20
49 480 p2 10 17 8 8 10 17 10 3 10 5 12 15 15 3 15
49 481 p2 4 12 11 10 4 10 17 20 7 10 8 10 1 4 10 5 11 12 8 17 18 12 15
49 482 p3 15 4 19 9 19 19 20 13 17 12 4 8 6 1 3 16 13 16 8
49 483 p4 9 1 1 12 10 18 1 12 11 13 17 17 20 3 12 14 1 6 11 5 18 2 5
49 484 p2 2 1 5 11 3 11 8 6 3 11 18 12 9 8 12 6 14 9 19 1 6
49 485 p2 3 9 14 20 3 16 19 14 3 17 2 6 1 14 2 16 9 14 16 4 9
49 486 p2 11 20 14 6 13 6 7 19 11 12 5 8 19 17 13 10 2 12 15
49 487 p5 8 11 5 18 19 3 18 4 8 4 9 15 9 10 15
49 488 p2 4 15 20 13 14 10 3 16 6 6 18 6 7 1 15
49 489 p2 13 1 16 6 3 12 19 4 8 15 10 1 1 17 14 14 13 18 15
50 490 p4 2 18 5 10 8 13 4 20 16 12 9 10 4 12 1 10 16 16 4 8 19
50 491 p2 18 18 9 16 13 14 9 10 8 19 20 9 16 16 12 9 10 17 18 10 7
50 492 p2 7 6 9 20 5 3 11 8 14 7 15 13 17
50 493 p4 6 18 7 5 13 9 16 6 5 8 3 17 17
50 494 p5 6 2 2 18 5 13 14 2 19 6 17 6 14
50 495 p5 18 19 12 10 5 6 18 3 15 2 15 3 18 11 10 2 13 6 8 5 4 1 2
50 496 p4 12 8 11 9 14 2 16 12 13 11 7 6 20 17 11 13 11 13 7 12 14 1 19
50 497 p3 11 18 15 9 15 9 19 12 15 14 14
51 498 p3 11 3 8 16 17 16 12 13 20 6 14 4 16 2 17 20 2 15 8 8 1 4 9
51 499 p4 4 10 13 18 7 5 9 2 1 19 18 1 20 7 14 15 10 5 15 15 2 13 7
